0.345133 0.230769 0.084563
0.610619 0.307692 0.402226
0.982301 1.384615 0.969926
0.982301 1.307692 0.918364
1.353982 1.000000 1.660136
0.769912 0.538462 0.835380
1.300885 1.153846 1.268039
1.088496 1.461538 1.072226
0.849558 0.538462 0.670871
1.486726 1.000000 1.703925
0.769912 0.461538 0.888803
0.424779 0.230769 0.217484
1.672566 1.923077 2.343586
0.557522 0.692308 0.486836
0.530973 0.769231 0.370238
1.008850 1.000000 1.087796
0.424779 0.461538 0.192256
0.345133 0.153846 0.243324
0.318584 0.230769 0.151200
1.619469 1.692308 2.113218
0.982301 1.000000 1.103884
1.911504 2.538462 2.024321
0.769912 0.461538 0.266101
0.876106 0.538462 0.932285
1.592920 2.307692 1.588977
0.345133 0.230769 0.230840
1.247788 1.692308 1.083485
1.221239 1.538462 1.069823
0.690265 0.461538 0.501982
0.982301 1.230769 0.587416
1.221239 0.923077 0.790790
1.513274 1.230769 1.501635
1.407080 1.076923 1.803210
1.115044 1.153846 1.328505
1.115044 1.076923 1.251315
0.743363 0.769231 0.626800
0.982301 1.461538 1.123011
0.902655 0.384615 0.781109
1.805310 2.230769 2.227860
0.823009 0.461538 1.107747
1.008850 1.076923 1.105863
1.300885 1.615385 1.282643
0.741722 0.682927 0.869520
1.792494 2.134146 2.072555
0.772627 0.682927 0.541710
1.390728 1.109756 1.737516
0.803532 0.512195 0.683409
1.050773 1.109756 1.107397
1.359823 1.109756 1.583570
0.710817 0.512195 0.565318
0.649007 0.597561 0.341729
1.267108 1.536585 1.220200
1.730684 1.963415 2.298407
0.649007 0.597561 0.419956
1.298013 1.024390 1.661994
1.761589 2.134146 2.072654
1.050773 1.280488 0.940222
0.463576 0.170732 0.169758
1.298013 1.109756 1.765747
0.432671 0.341463 0.177258
0.463576 0.170732 0.211884
0.896247 0.512195 0.618191
0.865342 0.512195 0.841830
0.432671 0.256098 0.251600
0.618102 0.853659 0.307251
0.679912 0.682927 0.538366
1.019868 1.024390 1.094216
1.050773 1.365854 0.877734
0.370861 0.256098 0.213113
1.050773 1.195122 1.026982
1.267108 1.536585 1.071715
0.741722 0.426829 0.908375
1.298013 0.939024 1.665707
1.761589 2.304878 2.032741
0.618102 0.426829 0.378322
1.174393 1.280488 1.235103
0.741722 0.341463 0.792941
0.556291 0.853659 0.313817
1.637969 2.390244 1.872796
1.081678 1.280488 1.071838
0.741722 0.853659 0.637127
1.576159 2.048780 1.736040
1.019868 0.939024 0.889759
1.112583 0.939024 1.183632
0.825092 0.442387 0.760621
0.952030 0.884774 0.807522
0.729889 0.353909 0.469690
1.015498 1.238683 0.974045
0.983764 1.061728 1.005607
0.539483 0.707819 0.299442
0.444280 0.442387 0.122752
1.586716 2.123457 1.687713
1.047232 1.061728 1.122175
1.047232 1.327160 0.975520
0.634686 0.619342 0.393245
1.110701 1.327160 0.953945
0.761624 0.353909 0.752756
1.332841 0.973251 1.618149
1.396310 1.150206 1.755000
1.745387 2.388889 2.154893
0.380812 0.265432 0.154157
0.539483 0.442387 0.349965
1.554982 2.034979 1.603326
0.412546 0.176955 0.147224
0.729889 0.707819 0.575911
0.825092 0.707819 0.812619
1.110701 0.973251 1.166231
0.539483 0.796296 0.225480
1.364576 1.327160 1.450643
1.205904 1.415638 1.245005
1.396310 1.061728 1.762191
1.364576 1.061728 1.423324
0.983764 1.415638 0.868471
1.142435 0.707819 1.381286
0.698155 0.530864 0.611741
1.681919 2.034979 2.340482
0.761624 0.442387 0.966854
1.840590 2.388889 1.983196
0.698155 0.442387 0.539900
0.634686 0.619342 0.351284
0.761624 0.619342 0.617639
1.745387 2.123457 2.272083
1.459779 0.973251 1.304246
0.380812 0.265432 0.152269
0.983764 1.061728 1.138861
1.205904 1.592593 1.415951
0.444280 0.353909 0.286584
1.022677 1.230640 0.817317
1.331858 1.085859 1.196838
0.332965 0.144781 0.183450
0.998894 1.447811 1.063568
1.236726 1.592593 1.124066
1.545907 1.230640 1.489681
1.094027 1.013468 1.120946
0.594580 0.361953 0.393366
0.380531 0.217172 0.224760
1.308075 1.085859 1.412117
0.808628 0.579125 0.978480
1.498341 1.230640 1.686323
1.498341 1.013468 1.607474
1.569690 1.303030 1.770106
1.046460 1.303030 0.917861
0.761062 0.723906 0.757105
0.594580 0.506734 0.472847
0.975111 1.230640 1.054923
1.046460 1.592593 0.973383
0.618363 0.868687 0.471052
1.807522 2.244108 2.115575
0.784845 0.506734 0.680826
0.713496 0.723906 0.535852
0.428097 0.289562 0.205186
1.974004 2.823232 2.173952
0.475664 0.289562 0.223761
0.784845 0.579125 0.795663
1.403208 1.158249 1.581864
0.856195 0.723906 0.943960
1.117810 1.158249 1.120640
0.523230 0.796296 0.299673
0.998894 1.230640 0.996566
0.356748 0.289562 0.132373
0.523230 0.506734 0.263624
0.547013 0.868687 0.322918
1.070243 1.664983 1.040262
1.379425 0.868687 1.404083
0.784845 0.723906 0.725154
1.284292 1.882155 1.228810
1.260509 1.592593 1.418071
0.689712 0.651515 0.655481
1.022677 1.158249 1.682816
1.950221 0.506734 2.737229
1.864564 2.161922 1.532120
1.196660 0.960854 0.838531
0.834879 0.560498 0.586591
1.141002 1.201068 0.995980
0.417440 0.160142 0.208994
0.333952 0.320285 0.083858
0.500928 0.480427 0.300618
1.057514 1.441281 1.014404
1.447124 1.040925 1.307595
1.447124 1.201068 1.491442
1.085343 1.281139 0.861749
1.808905 2.081851 1.893013
1.057514 1.441281 0.998664
0.528757 0.800712 0.332332
1.113173 1.201068 1.108243
1.224490 1.521352 1.176726
1.196660 1.201068 1.073871
0.751391 0.560498 0.745969
0.695733 0.480427 0.559750
0.640074 0.560498 0.471618
1.001855 0.960854 1.170576
0.389610 0.160142 0.216734
1.948052 2.562278 2.248720
1.335807 1.361210 1.510361
1.419295 1.201068 1.563157
0.834879 0.640569 0.983419
0.640074 0.720641 0.536141
1.307978 1.040925 1.640500
1.029685 0.960854 1.076242
1.502783 2.081851 1.779265
0.333952 0.240214 0.256005
1.196660 1.601423 1.412327
0.640074 0.480427 0.364150
1.836735 2.562278 2.094893
0.779221 0.480427 0.736744
0.946197 1.040925 1.325732
0.612245 0.800712 0.774060
1.502783 1.281139 1.844179
0.445269 0.400356 0.260018
1.224490 1.040925 1.378919
0.862709 0.480427 0.958820
0.695733 0.480427 0.604129
0.361781 0.240214 0.325791
0.723562 0.560498 0.834335
1.085343 0.960854 1.522713
1.805142 2.216867 1.637010
0.373478 0.461847 0.109678
1.058187 1.108434 0.787718
1.307172 1.108434 1.538229
1.027064 1.108434 0.965916
0.466847 0.184739 0.208739
1.058187 1.385542 1.124306
0.560217 0.831325 0.335465
0.871448 0.554217 0.858857
1.058187 1.477912 1.019866
1.307172 1.108434 1.581773
0.404601 0.277108 0.212902
0.560217 0.831325 0.308736
0.902571 0.461847 0.639243
0.684709 0.646586 0.628930
0.746955 0.461847 0.730494
1.027064 1.108434 1.040796
1.089310 1.016064 1.280194
1.120433 1.108434 1.168925
1.556157 1.477912 1.767548
0.778078 0.277108 0.786666
1.058187 1.570281 0.984343
0.653586 0.923695 0.341639
0.373478 0.277108 0.214398
1.525034 1.662651 1.877787
1.182679 1.570281 1.396186
1.089310 1.200803 1.095354
0.435724 0.184739 0.180793
0.560217 0.554217 0.350526
0.653586 0.369478 0.460204
1.244926 1.570281 1.509255
1.338295 0.923695 1.258281
0.529093 0.646586 0.240310
1.182679 1.662651 1.331548
1.338295 1.108434 1.833191
1.711773 2.032129 2.332308
0.684709 0.461847 0.587398
1.338295 0.923695 1.435731
1.742896 1.939759 1.916958
0.746955 0.646586 0.917110
0.778078 0.738956 0.654701
0.964817 1.016064 1.097389
0.840325 0.461847 0.799341
0.715832 0.554217 0.750582
1.618403 1.293173 1.708055
1.929635 2.493976 1.994621
0.752565 0.435076 0.683383
0.648763 0.362563 0.509663
1.738684 2.175379 1.957866
0.986119 0.652614 0.999737
1.063971 1.015177 1.157598
0.804466 0.580101 0.847500
0.570911 0.797639 0.365422
0.467109 0.435076 0.222884
0.804466 0.580101 0.753170
0.830416 0.507589 0.696430
1.012070 1.232715 0.990363
0.363307 0.145025 0.237481
0.960169 1.087690 0.982788
0.700664 0.580101 0.566212
1.219674 1.015177 1.535015
1.349427 1.232715 1.539989
1.141823 1.377740 1.214051
1.012070 1.305228 0.951855
0.596862 0.507589 0.411985
1.141823 1.160202 1.100553
1.453229 1.305228 1.625022
0.544961 0.362563 0.431899
0.622812 0.942664 0.316124
1.764635 2.102867 2.020689
0.493060 0.725126 0.249533
1.012070 1.232715 1.060858
1.089922 1.160202 1.230733
1.427278 1.305228 1.574022
1.038021 1.160202 0.999641
0.674713 0.942664 0.458643
1.115872 1.305228 1.209441
1.790585 2.247892 1.816189
0.752565 0.725126 0.678467
0.700664 0.797639 0.514388
1.271575 1.232715 1.333767
1.012070 1.015177 1.061393
1.349427 1.160202 1.893034
0.830416 0.507589 0.981984
0.570911 0.362563 0.285076
0.830416 0.507589 0.828485
1.842486 2.392917 1.901987
1.245625 1.160202 1.226275
1.401328 1.160202 1.578402
0.805091 0.415094 0.820341
0.770088 0.415094 0.594873
0.350040 0.207547 0.143246
1.190135 1.660377 1.254787
0.665076 0.415094 0.430562
0.280032 0.103774 0.083769
0.350040 0.103774 0.119120
0.420048 0.207547 0.130047
0.980111 0.830189 0.959737
1.855211 2.283019 1.895248
0.525060 0.311321 0.317498
0.700080 0.726415 0.545929
1.540175 1.037736 1.663164
1.330151 1.867925 1.303699
0.595068 0.726415 0.383724
1.015115 1.349057 1.023756
1.365155 0.726415 1.893931
1.295147 1.141509 1.632158
1.015115 0.933962 1.235631
0.665076 0.415094 0.506727
0.525060 0.415094 0.245842
0.945107 1.452830 1.123028
0.980111 1.141509 1.079547
1.085123 1.245283 1.171150
0.630072 1.141509 0.274577
1.435163 1.141509 1.703189
0.700080 0.726415 0.775248
0.945107 1.452830 0.929159
1.365155 1.037736 1.445793
0.735084 0.415094 0.549089
0.735084 0.415094 0.733545
1.995227 2.801887 2.014334
1.225139 1.452830 1.162065
1.470167 1.349057 1.905879
1.365155 1.037736 1.901798
1.050119 1.349057 1.183559
1.785203 2.283019 2.130755
0.805091 0.622642 0.919087
1.015115 1.452830 0.847562
0.770088 0.415094 0.488525
1.435163 1.141509 1.580383
0.525060 0.415094 0.200913
1.785203 1.971698 1.912495
0.980111 1.245283 0.784530
0.439331 0.363636 0.147942
1.192469 1.363636 1.041995
0.658996 0.454545 0.277912
1.349372 1.090909 1.667187
0.533473 0.727273 0.337006
0.972803 0.909091 1.076068
0.784519 0.454545 0.671983
1.066946 0.909091 0.940584
1.443515 1.272727 1.866628
0.564854 0.818182 0.307147
1.035565 1.000000 1.098384
1.569038 1.363636 1.544656
0.941423 1.181818 1.146632
1.349372 1.454545 1.466185
1.474895 1.909091 1.594594
0.407950 0.272727 0.188517
1.192469 1.363636 1.191446
0.564854 0.272727 0.217518
1.412134 1.181818 1.744513
1.098326 1.090909 0.985372
1.192469 1.363636 1.357491
1.851464 2.545455 2.155959
0.690377 0.818182 0.576190
0.847280 0.454545 0.764655
1.882845 2.272727 1.894302
1.129707 1.090909 1.392604
0.439331 0.272727 0.145628
0.972803 0.909091 0.984358
0.721757 0.909091 0.561520
1.004184 1.272727 0.703481
1.788703 2.545455 2.075745
0.690377 0.636364 0.692401
1.004184 1.181818 0.863309
0.658996 0.363636 0.201496
1.286611 1.181818 1.111102
0.690377 0.636364 0.503051
0.627615 0.545455 0.236843
0.502092 0.727273 0.124872
0.847280 0.363636 1.012604
0.815900 0.454545 1.153212
0.470711 0.363636 0.245218
1.317992 0.727273 1.925072
1.757322 2.090909 2.414988
0.972803 1.272727 1.428471
0.784519 0.545455 0.963160
0.290148 0.161654 0.063464
0.986505 1.131579 0.832829
0.464238 0.646617 0.231919
1.102564 1.050752 1.217821
1.711876 2.020677 1.792586
1.508772 1.939850 2.028093
1.914980 2.505639 1.570268
0.986505 1.454887 0.858896
0.928475 0.808271 0.861090
0.464238 0.323308 0.137097
0.928475 0.808271 0.878666
1.885965 2.020677 1.734697
1.015520 1.131579 0.939136
1.044534 0.889098 0.842946
0.493252 0.565789 0.262425
1.363698 1.050752 1.726696
1.131579 1.293233 1.022241
0.638327 0.565789 0.369842
0.464238 0.242481 0.158570
0.696356 0.646617 0.261522
0.377193 0.242481 0.097790
0.754386 0.484962 0.756357
1.247638 1.050752 1.419053
0.783401 0.565789 0.604394
0.754386 0.323308 0.625273
1.218623 1.293233 1.565906
1.160594 1.454887 1.097603
1.363698 1.050752 1.600826
1.015520 0.889098 0.948969
1.015520 1.212406 0.850456
1.334683 1.050752 1.974023
1.305668 1.050752 1.379075
1.247638 1.454887 1.204323
0.609312 0.404135 0.657664
1.595816 2.263158 2.157060
0.725371 0.565789 1.253386
0.841430 0.323308 1.189767
0.638327 0.565789 0.674878
1.015520 1.050752 1.225099
0.841430 1.212406 0.591360
1.769906 2.343985 2.335245
0.870445 0.484962 0.860419
0.493252 0.404135 0.140272
1.160291 1.229422 1.187656
0.497268 0.478109 0.204405
1.041894 0.956217 1.387267
0.449909 0.341506 0.352079
0.994536 1.229422 1.141220
2.012750 2.936953 1.970557
0.734062 0.683012 0.620534
0.734062 0.683012 0.563916
0.686703 0.683012 0.556030
0.615665 0.409807 0.730708
1.065574 0.956217 1.073766
0.994536 0.819615 1.216929
0.520947 0.819615 0.409860
1.018215 1.092820 0.803126
0.781421 0.478109 0.625924
1.468124 1.229422 1.794574
0.378871 0.341506 0.227751
0.781421 0.478109 0.859007
0.970856 1.366025 1.356093
1.444444 1.502627 1.016807
1.965392 2.663748 1.973649
0.899818 0.273205 0.665154
0.568306 0.819615 0.304055
1.183971 0.887916 0.704725
1.965392 2.253940 1.433986
1.420765 1.297723 1.215397
0.757741 0.273205 0.339059
1.326047 1.092820 2.540486
1.586521 1.366025 2.415648
0.805100 0.478109 0.880622
1.491803 1.297723 1.997590
0.710383 0.887916 0.522615
0.805100 0.683012 0.779951
1.255009 1.570928 1.570001
1.089253 1.639229 1.029430
0.449909 0.341506 0.193484
1.231330 1.502627 1.437617
0.497268 0.409807 0.185684
0.639344 0.546410 0.712639
0.725288 0.777027 0.477324
1.087932 1.087838 1.233706
1.673742 1.864865 1.887786
1.087932 1.010135 0.914626
1.924803 2.486486 2.064603
1.227411 1.554054 1.136002
1.422680 1.165541 1.520725
0.864767 0.621622 0.868609
0.446331 0.466216 0.230206
0.864767 0.621622 0.743845
0.697392 0.466216 0.513842
0.530018 0.621622 0.243715
0.808975 0.543919 0.628317
1.004245 0.932432 1.132558
1.032141 1.320946 1.041173
0.808975 0.466216 0.992280
0.585810 0.777027 0.391852
1.004245 1.087838 1.233099
0.976349 1.243243 1.037264
0.446331 0.233108 0.259372
0.502122 0.466216 0.263240
1.004245 1.165541 0.977069
1.338993 1.010135 1.643605
0.976349 0.932432 0.992665
1.534263 2.175676 1.753503
1.422680 1.787162 1.845840
0.836871 0.388514 0.809711
1.338993 1.398649 1.563217
0.641601 0.466216 0.554046
1.450576 1.087838 1.787104
0.530018 0.388514 0.244586
1.338993 1.320946 1.271480
0.362644 0.233108 0.232900
1.087932 1.165541 0.996574
0.976349 0.699324 0.798085
0.641601 0.466216 0.333764
0.669497 0.621622 0.613167
1.869012 2.175676 2.117385
1.199515 1.398649 1.482181
0.669497 0.854730 0.613309
0.474227 0.388514 0.273630
1.450576 1.165541 1.752996
0.808975 0.310811 0.874503
1.952699 2.486486 2.046354
0.502122 0.621622 0.415367
1.199515 1.476351 1.192814
1.172395 1.305344 1.177108
0.997783 0.961832 0.986987
0.548780 0.755725 0.404430
1.746120 2.061069 1.973685
0.997783 0.824427 1.095573
1.122506 1.305344 1.130866
0.523836 0.687023 0.282716
0.798226 0.687023 0.745915
0.798226 0.618321 0.674841
0.972838 0.893130 1.042224
0.498891 0.480916 0.240450
0.648559 0.549618 0.585000
1.022727 1.099237 1.081425
1.072616 1.099237 1.283607
1.371951 1.511450 1.508776
0.449002 0.343511 0.262749
0.673503 0.549618 0.521434
0.972838 0.412214 0.721728
0.798226 0.343511 0.790313
0.424058 0.412214 0.268191
1.371951 0.961832 1.741675
0.399113 0.343511 0.232743
0.898004 0.549618 0.855590
0.424058 0.274809 0.271167
1.097561 1.099237 1.144903
0.498891 0.412214 0.225191
1.596452 2.198473 1.502779
1.371951 1.167939 1.567745
0.748337 0.274809 0.617961
0.972838 0.961832 1.017015
0.623614 0.618321 0.450272
1.047672 1.305344 0.781163
1.471729 2.061069 1.259264
0.498891 0.618321 0.239939
0.673503 0.687023 0.453226
1.347007 1.511450 0.944254
0.748337 0.618321 0.730101
1.796009 1.992366 2.276346
1.771064 2.198473 2.229926
1.297118 1.167939 1.358145
1.421840 1.099237 1.536361
2.170177 2.610687 2.276279
1.247228 1.580153 1.686570
0.823171 0.549618 1.283007
1.072616 1.236641 1.540359
0.713842 0.811287 0.504822
1.170701 1.460317 1.273655
0.942272 0.486772 0.777684
1.256363 0.973545 1.467192
1.827436 2.352734 1.896811
1.284916 1.135802 1.625639
0.970826 1.054674 0.858360
0.571074 0.811287 0.422209
0.770950 0.567901 0.700837
1.399131 1.216931 1.603499
0.628181 0.567901 0.595318
0.713842 0.811287 0.544372
1.027933 1.135802 1.134375
0.656735 0.730159 0.505611
1.456238 1.865961 1.782081
1.570453 2.190476 1.663972
0.456859 0.243386 0.204573
0.485413 0.405644 0.296623
1.056487 0.892416 1.096604
0.856611 0.649030 0.795342
0.999379 1.135802 0.916716
1.684668 1.865961 2.141272
1.113594 1.379189 1.105636
1.085040 1.054674 1.238880
0.828057 0.324515 0.724148
0.999379 0.730159 0.700612
0.799503 0.405644 0.693021
1.227809 1.541446 1.190006
0.399752 0.243386 0.178041
0.571074 0.892416 0.332344
0.828057 0.324515 0.567323
1.284916 1.379189 1.085771
0.599628 0.486772 0.252456
0.742396 0.892416 0.618381
0.885164 0.486772 0.664936
1.342024 1.054674 1.607913
0.999379 0.892416 0.896356
0.542520 0.649030 0.306938
1.170701 1.298060 1.367034
1.313470 1.541446 1.493588
0.456859 0.243386 0.226150
0.456859 0.243386 0.195114
1.113594 1.054674 1.049532
0.999379 1.216931 1.081830
1.941651 2.190476 2.793482
1.798883 2.109347 2.822942
0.578240 0.832103 0.228601
1.321692 1.361624 1.476661
1.184016 1.437269 1.149643
0.440564 0.378229 0.254993
0.715917 0.832103 0.628688
0.715917 0.529520 0.594989
1.404298 1.134686 1.612655
0.853593 0.529520 0.748690
1.046340 1.059041 1.153858
1.073875 1.134686 1.213022
1.514439 2.118081 1.821798
1.156481 1.059041 1.431578
1.101410 1.134686 1.157679
0.770987 0.907749 0.665754
1.046340 0.832103 1.273171
1.927468 2.193727 2.221825
0.770987 0.529520 0.758912
0.688381 0.756458 0.538169
0.853593 0.453875 0.698920
1.184016 1.588561 1.023299
1.349228 1.512915 1.280281
1.073875 1.361624 1.035746
1.486904 1.059041 1.660317
0.495635 0.605166 0.230925
0.413029 0.302583 0.210698
0.578240 0.832103 0.377673
1.321692 1.437269 1.219659
1.046340 0.907749 0.961436
0.357958 0.302583 0.112498
1.459369 1.210332 1.688481
1.762257 2.042435 2.322802
0.688381 0.605166 0.525170
0.908664 0.680812 0.853685
0.881128 0.378229 0.877634
1.046340 0.983395 1.033324
1.128946 1.285978 1.263973
0.743452 0.605166 0.703568
0.605776 0.832103 0.484283
1.899933 2.496310 2.238960
0.881128 0.529520 0.992555
0.523170 0.226937 0.273427
0.738929 0.465704 0.339300
1.165235 1.319495 1.265158
0.710509 0.931408 0.543188
0.426305 0.388087 0.210304
1.051553 0.931408 1.033447
0.682089 0.620939 0.432130
0.539987 0.698556 0.378644
0.539987 0.388087 0.315177
0.625248 0.931408 0.350648
1.762062 2.250903 2.107010
1.250496 1.319495 1.495558
1.051553 0.853791 1.179552
1.278916 1.086643 1.531568
0.966292 0.853791 0.999151
0.881031 0.465704 0.864433
0.483146 0.388087 0.214215
0.852611 0.543321 0.729388
0.966292 0.853791 1.058187
1.392597 0.931408 1.778924
1.733642 1.940433 2.087260
1.079974 1.241877 1.039594
0.483146 0.543321 0.191615
1.733642 2.406137 1.994680
0.397885 0.155235 0.198551
1.108394 1.164260 0.819001
0.824190 0.310469 0.830561
0.795770 0.465704 0.626095
1.421018 1.009025 1.314463
0.795770 0.310469 0.616577
0.454726 0.232852 0.176991
1.023133 1.241877 1.009459
1.108394 1.164260 1.170959
0.767350 1.086643 0.575865
1.136814 1.241877 1.279993
1.307336 1.397112 1.572261
0.653668 0.620939 0.544266
1.307336 1.164260 1.595074
1.136814 1.397112 1.302382
1.534699 2.095668 1.847516
0.710509 0.620939 0.566983
1.506279 1.940433 1.698656
0.966292 1.164260 1.036935
1.648381 1.862816 2.078282
1.394820 1.221239 1.240482
0.668351 0.407080 0.512289
0.929880 1.058407 0.899603
1.278585 1.546903 1.308644
1.423879 1.384071 1.720853
0.552116 0.244248 0.249619
0.668351 0.569912 0.487700
0.610234 0.407080 0.322344
1.540114 2.035398 1.769770
0.697410 0.732743 0.541038
1.133291 1.384071 1.321506
0.552116 0.651327 0.376485
0.987997 0.895575 1.054793
1.017056 1.139823 0.961073
1.075174 1.058407 1.154281
1.046115 0.976991 1.085434
0.435881 0.325664 0.249004
0.435881 0.407080 0.232549
1.452937 1.221239 1.578998
1.743525 1.953982 2.103297
0.726469 0.814159 0.661001
1.162350 1.302655 1.294955
1.104232 1.058407 1.168750
0.871762 0.407080 0.956227
0.523057 0.732743 0.406275
1.017056 1.139823 1.048078
0.871762 0.488496 0.954666
0.755527 0.569912 0.767062
0.813645 0.732743 0.710154
1.336702 1.465487 1.321813
1.046115 0.976991 0.958402
1.104232 1.221239 1.216792
1.365761 1.139823 1.687304
0.523057 0.244248 0.246285
1.133291 1.302655 1.326092
1.772584 1.953982 1.988559
2.034112 2.523894 1.960424
0.464940 0.325664 0.265105
0.813645 0.651327 0.746162
0.755527 0.407080 0.868867
1.569172 2.198230 1.640137
0.755527 0.814159 0.588087
0.668351 0.569912 0.615962
0.523057 0.407080 0.305156
1.627290 2.116814 2.030879
1.017056 0.814159 1.097042
1.231771 1.520000 0.783046
0.630208 0.480000 0.339000
0.401042 0.160000 0.094527
0.773438 0.560000 0.555388
0.401042 0.160000 0.160645
0.630208 0.480000 0.422078
0.744792 0.640000 0.501864
1.317708 1.120000 1.042189
0.486979 0.320000 0.261970
1.231771 1.520000 1.191349
0.916667 1.280000 1.071671
1.346354 1.120000 1.492747
1.231771 1.360000 1.435179
0.343750 0.240000 0.253311
1.002604 1.120000 1.186913
0.773438 0.480000 0.845193
0.572917 0.880000 0.337033
1.833333 2.160000 1.473641
0.630208 0.720000 0.590666
1.031250 1.440000 1.084193
1.432292 1.120000 1.666630
0.458333 0.320000 0.128051
0.658854 0.480000 0.406228
1.947917 2.320000 2.411536
1.346354 0.960000 1.513462
0.315104 0.080000 0.277748
1.890625 2.480000 2.152823
1.117188 1.120000 1.241618
1.575521 1.440000 2.076579
0.687500 0.800000 0.463831
0.429688 0.160000 0.180287
0.773438 0.480000 0.573957
0.744792 0.400000 0.743690
1.317708 1.280000 1.583803
1.432292 1.120000 1.770065
1.059896 1.120000 0.882546
1.002604 1.280000 0.820041
0.802083 0.560000 0.759182
1.604167 2.160000 2.041266
1.804688 2.000000 2.370749
0.973958 0.960000 1.195750
1.031250 1.200000 1.056286
0.945313 1.120000 1.361011
1.117188 1.280000 1.200258
1.027937 1.087755 0.877169
0.881089 0.753061 0.670753
1.820917 2.426531 1.513346
0.528653 0.836735 0.302391
0.792980 0.418367 0.915594
0.587393 0.418367 0.445529
0.969198 1.087755 0.982982
0.763610 0.585714 0.807293
0.822350 0.669388 0.761288
0.763610 1.004082 0.539623
0.998567 0.836735 0.920600
0.763610 0.334694 0.721040
1.174785 1.255102 1.669706
0.734241 0.251020 0.674485
1.439112 1.924490 2.212512
0.675501 0.585714 0.522031
0.763610 0.418367 0.937324
0.440544 0.418367 0.105957
0.939828 1.087755 1.414651
0.646132 0.669388 0.210149
0.469914 0.251020 0.250802
1.762178 2.091837 2.081469
1.116046 1.087755 0.951849
0.469914 0.502041 0.112641
1.527221 2.091837 1.229067
1.262894 1.087755 1.395902
0.352436 0.251020 0.073059
1.292264 1.004082 1.797769
1.174785 0.669388 1.895161
1.380372 1.087755 1.956705
0.939828 0.753061 0.654810
0.411175 0.167347 0.120366
1.027937 1.255102 0.829978
1.145415 1.338776 1.264193
1.820917 1.924490 1.449517
0.646132 0.585714 0.299180
0.969198 1.338776 0.623648
1.262894 1.506122 1.412134
1.351003 1.338776 2.027507
1.262894 1.255102 1.327357
1.820917 2.342857 2.042466
0.618557 0.610465 0.415810
1.577320 1.482558 1.345884
1.082474 0.959302 1.015705
0.989691 0.872093 0.664343
0.494845 0.261628 0.205238
0.432990 0.261628 0.129884
0.742268 0.697674 0.594472
1.360825 1.133721 1.733799
0.742268 0.872093 0.583356
1.082474 1.046512 1.158203
0.525773 0.872093 0.322688
0.742268 0.523256 0.588779
0.371134 0.348837 0.150678
0.742268 0.697674 0.761029
0.618557 0.523256 0.447719
0.649485 0.523256 0.512796
1.360825 1.482558 1.434511
1.948454 2.703488 1.976819
1.206186 1.482558 1.247849
1.082474 1.308140 1.175820
1.206186 1.308140 1.427050
1.391753 0.872093 1.816224
1.329897 1.133721 1.684062
1.051546 0.959302 1.078564
0.525773 0.784884 0.364725
0.463918 0.174419 0.222946
1.731959 2.529070 2.044143
1.082474 1.308140 0.809418
1.855670 2.180233 2.182327
1.237113 1.395349 1.423215
1.051546 1.308140 0.873566
0.680412 0.610465 0.614906
0.804124 0.348837 0.857866
0.804124 0.610465 0.800309
0.371134 0.174419 0.272532
1.051546 1.046512 1.034551
1.020619 1.395349 1.083179
1.298969 0.872093 1.764180
1.546392 1.395349 1.743297
1.360825 1.308140 1.257496
1.082474 1.220930 1.081531
0.711340 0.697674 0.553514
1.701031 2.005814 2.236438
0.804124 0.436047 1.065921
0.463918 0.261628 0.242661
0.437158 0.184758 0.103153
1.280250 1.662818 0.802332
0.874317 1.200924 0.605067
1.748634 2.124711 1.733172
1.717408 2.124711 1.607203
0.999219 1.016166 0.743425
0.624512 0.277136 0.421962
1.124122 1.385681 1.222023
0.405933 0.184758 0.135973
1.030445 0.923788 0.928108
0.686963 0.461894 0.340701
0.624512 0.646651 0.578750
0.655738 0.646651 0.436621
1.842311 2.217090 1.700198
1.280250 1.016166 1.771840
1.436378 1.108545 1.967334
0.999219 1.200924 0.969854
1.311475 1.200924 1.260730
1.811085 2.309469 2.018237
0.999219 1.293303 1.273311
0.999219 1.200924 0.938535
0.530835 0.831409 0.306497
0.967994 0.554273 1.277236
0.468384 0.184758 0.181335
0.843091 0.646651 0.788403
0.405933 0.277136 0.249899
0.405933 0.184758 0.279333
0.437158 0.184758 0.220196
0.905543 1.293303 1.246302
1.342701 1.108545 1.955061
1.530055 1.478060 1.717397
1.311475 1.385681 1.602085
1.092896 0.923788 1.210827
0.780640 0.739030 0.953002
0.655738 0.369515 0.377600
1.467603 1.478060 1.626556
1.186573 1.385681 1.318636
0.655738 1.016166 0.633655
1.311475 1.108545 1.705623
0.811866 0.461894 0.791828
1.551388 1.254386 1.417319
0.957239 0.868421 0.808486
0.825206 0.385965 0.489337
1.023256 0.675439 1.408446
0.495124 0.192982 0.182878
0.726182 0.482456 0.510363
1.221305 1.543860 1.111195
0.759190 0.578947 0.491379
0.495124 0.289474 0.296917
1.386347 1.254386 1.429774
0.825206 0.482456 0.597985
0.429107 0.192982 0.132488
0.792198 0.482456 0.760171
0.561140 0.771930 0.237487
1.584396 1.254386 1.647674
1.188297 1.061404 1.084911
1.287322 1.254386 1.181272
0.396099 0.192982 0.277464
0.990248 0.771930 0.782236
1.881470 2.605263 2.323270
0.825206 0.482456 0.587639
1.056264 1.254386 0.861822
1.056264 1.254386 0.857369
1.386347 1.157895 1.731278
0.825206 0.578947 0.894165
1.089272 1.157895 0.920181
0.693173 0.578947 0.399472
1.782446 2.315789 2.485992
0.429107 0.482456 0.141126
0.693173 0.868421 0.625541
0.396099 0.482456 0.291258
1.287322 1.543860 1.531492
0.627157 0.868421 0.461781
1.551388 2.122807 2.190381
0.726182 1.061404 0.741890
1.353338 1.350877 1.437274
1.617404 1.929825 2.294208
1.518380 2.219298 1.534740
0.693173 0.771930 0.345465
1.056264 1.061404 1.215725
1.023256 1.254386 1.123784
1.023256 1.157895 1.145748
0.990248 0.964912 1.372319
0.924231 0.482456 1.638299
1.399028 1.135135 1.623476
0.320611 0.081081 0.215314
1.224150 1.378378 1.326868
1.369882 1.216216 1.418367
1.981957 2.675676 2.115412
0.553782 0.243243 0.207815
0.553782 0.729730 0.324556
1.020125 1.297297 1.102624
0.612075 0.810811 0.354166
1.369882 1.216216 1.715902
1.777932 2.108108 2.116920
0.641221 0.648649 0.460355
0.699514 0.729730 0.522745
1.282443 1.378378 1.413496
0.378904 0.405405 0.181065
0.466343 0.486486 0.158026
0.641221 0.648649 0.529742
1.253296 1.378378 1.488643
0.932686 0.648649 0.713552
1.136711 0.972973 1.372637
0.845246 0.486486 0.980433
1.632200 1.540541 2.022676
1.049271 1.216216 0.957007
1.923664 2.270270 2.015950
1.020125 0.891892 1.000186
1.573907 2.108108 1.761555
0.816100 0.324324 0.657191
1.049271 1.216216 1.002969
1.311589 1.216216 1.876595
0.670368 0.486486 0.528814
0.495489 0.324324 0.241523
1.020125 0.972973 1.004631
0.699514 0.648649 0.545900
0.757807 0.567568 0.578565
1.340736 0.810811 1.135405
0.378904 0.162162 0.273917
0.816100 0.648649 0.733459
0.699514 0.891892 0.481383
1.165857 1.216216 1.355435
0.466343 0.405405 0.201668
1.661346 2.270270 2.121790
0.990978 1.135135 1.161266
0.403237 0.175573 0.173201
1.054619 1.229008 0.933022
0.434255 0.263359 0.185550
0.806473 0.702290 0.629779
0.899528 0.351145 0.856585
1.116655 1.053435 1.112217
0.527310 0.351145 0.321525
0.682401 0.790076 0.334455
0.992583 1.141221 0.880100
1.085637 1.053435 1.122241
0.837492 0.351145 0.803622
1.054619 0.877863 1.023131
1.178692 1.316794 1.374245
1.302765 1.053435 1.542775
1.426837 1.053435 1.818193
1.209710 1.316794 1.310076
0.775455 0.790076 0.586599
0.806473 0.526718 0.704773
0.465273 0.175573 0.208082
0.558328 0.790076 0.376733
1.364801 1.053435 1.639499
1.023601 1.141221 1.114062
1.519892 2.106870 1.858126
1.054619 1.053435 1.145855
1.395819 1.931298 1.651267
1.799056 2.370229 2.046663
0.992583 0.877863 1.060417
1.861092 2.106870 2.096378
1.395819 1.229008 1.751258
0.434255 0.438931 0.263531
0.744437 0.790076 0.540593
1.054619 1.141221 1.103778
0.837492 0.351145 0.882044
1.209710 1.404580 1.336597
0.713419 0.877863 0.628456
0.620364 0.877863 0.433384
0.527310 0.438931 0.278024
1.706001 2.194656 2.030546
1.333783 1.316794 1.254227
1.737020 2.019084 1.869813
0.682401 0.526718 0.535341
0.992583 0.877863 0.945050
0.527310 0.614504 0.272111
0.806473 0.614504 0.799533
1.271746 1.492366 1.524192
0.775455 0.790076 0.642349
0.712054 0.533333 0.564403
0.687500 0.800000 0.548667
1.399554 1.066667 1.687811
0.466518 0.333333 0.337989
0.662946 0.533333 0.614609
1.375000 1.133333 1.736844
1.055804 0.933333 1.119988
0.466518 0.200000 0.299677
1.227679 1.466667 1.346210
1.546875 2.133333 1.775714
1.031250 0.933333 1.081426
2.013393 2.533333 2.025819
0.834821 0.466667 0.885484
0.687500 0.533333 0.631094
1.203125 1.333333 1.407463
0.564732 0.533333 0.253256
0.540179 0.533333 0.295219
1.104911 1.000000 1.218112
0.933036 1.066667 0.973502
0.564732 0.800000 0.386004
1.031250 1.133333 1.118028
0.834821 0.400000 0.762727
1.006696 1.200000 1.050837
0.662946 0.666667 0.462052
0.564732 0.733333 0.339065
1.203125 1.400000 1.298080
0.810268 0.466667 0.732062
0.982143 1.000000 0.729430
1.350446 1.000000 1.564728
0.662946 0.533333 0.562578
0.466518 0.333333 0.306209
1.325893 1.000000 1.639373
1.866071 2.066667 2.063420
1.104911 1.400000 0.925583
1.964286 2.400000 1.902275
1.301339 1.266667 1.414188
1.473214 1.933333 1.577197
1.816964 1.933333 2.094873
1.031250 1.400000 1.024764
0.687500 0.733333 0.639471
0.368304 0.333333 0.279752
1.080357 1.000000 1.335700
0.883929 0.600000 0.720573
0.441964 0.200000 0.267743
1.194444 1.473790 1.035063
1.439459 1.127016 1.647504
1.868234 2.340726 1.945300
0.643162 0.780242 0.466237
0.735043 0.346774 0.510482
1.378205 1.473790 1.537350
1.378205 1.213710 2.002612
1.255698 1.560484 1.209637
1.776353 1.907258 1.817952
1.102564 1.387097 0.794036
1.378205 1.127016 1.548325
1.500712 2.080645 1.933236
0.398148 0.433468 0.196696
0.520655 0.433468 0.233262
0.612536 0.780242 0.271203
1.194444 1.387097 1.549787
0.643162 0.346774 0.493833
0.765670 0.780242 0.589860
0.888177 0.346774 0.885277
1.041311 0.953629 0.841777
0.980057 0.780242 1.149946
0.704416 0.346774 0.689412
1.133191 1.040323 0.750851
1.071937 1.300403 1.113237
1.010684 1.040323 1.097677
1.041311 1.300403 1.158428
1.408832 1.040323 1.836177
1.500712 2.080645 1.869418
1.041311 1.213710 1.076672
0.949430 0.780242 0.915280
0.735043 0.346774 0.672304
0.826923 0.346774 0.708783
1.868234 2.600806 1.989201
0.704416 0.606855 0.334447
0.490028 0.693548 0.294070
0.581909 0.866935 0.361957
0.704416 0.780242 0.478416
0.673789 0.346774 0.764147
1.806980 1.993952 2.354568
0.459402 0.173387 0.281204
0.826923 0.606855 0.968237
0.398148 0.173387 0.334160
0.367521 0.260081 0.291978
0.516532 0.576029 0.189878
1.033063 0.905188 0.929546
0.688709 0.493739 0.429553
0.602620 0.740608 0.333595
0.717405 0.493739 0.669278
0.401747 0.411449 0.191090
1.233936 1.481216 1.321108
1.090455 1.398927 1.037772
1.348721 1.152057 1.558720
1.520898 2.139535 1.761486
1.205240 1.481216 1.320592
0.860886 0.576029 0.962898
0.373051 0.246869 0.249572
1.779164 2.057245 2.093096
1.090455 1.316637 0.914082
0.516532 0.576029 0.265964
1.090455 1.069767 1.169246
1.061759 1.398927 1.010941
0.889582 0.493739 0.729435
0.774797 0.905188 0.612781
1.033063 0.905188 1.160483
0.803493 0.493739 0.813614
0.688709 0.576029 0.605590
1.061759 1.234347 1.095249
0.688709 0.658318 0.643917
1.578291 1.810376 1.495367
0.459139 0.329159 0.350838
1.147848 1.069767 1.362888
1.147848 1.152057 1.277601
0.430443 0.246869 0.225421
1.320025 1.316637 1.655141
1.377417 1.152057 1.544879
2.066126 2.797853 2.003248
1.434810 1.316637 1.317396
0.545228 0.822898 0.344446
0.803493 0.329159 0.694202
1.033063 0.822898 0.812454
0.975671 0.411449 1.423483
0.688709 0.576029 0.314445
1.463506 1.152057 1.858242
1.320025 1.398927 1.554854
0.717405 0.822898 0.592239
0.946974 0.576029 1.103161
1.779164 2.057245 2.004588
1.320025 1.810376 1.708210
0.373051 0.246869 0.287408
0.506024 0.747331 0.237533
0.506024 0.597865 0.233491
0.581928 0.822064 0.299028
0.759036 0.298932 0.715487
0.860241 0.672598 0.728241
1.087952 1.046263 0.957788
1.189157 1.494662 1.367234
1.113253 1.195730 1.058636
0.632530 0.523132 0.258867
1.214458 1.494662 1.230532
1.593976 2.316726 1.893697
1.037349 0.896797 1.039694
1.518072 1.345196 1.824299
1.416867 1.120996 1.788098
1.163855 1.419929 1.479829
0.430120 0.298932 0.281159
0.910843 0.448399 0.758238
0.506024 0.224199 0.308961
0.733735 0.448399 0.719183
1.922892 2.615658 2.303308
0.733735 0.822064 0.699317
1.087952 1.120996 1.290014
0.430120 0.373665 0.291306
1.391566 1.494662 1.494250
0.708434 0.822064 0.543392
0.480723 0.448399 0.269774
1.062651 1.120996 1.113448
1.037349 1.345196 1.071902
1.416867 1.270463 1.487106
1.062651 1.120996 1.127160
0.430120 0.448399 0.245568
1.771084 2.092527 2.194771
1.012048 0.597865 0.740368
1.163855 1.419929 1.177765
0.708434 0.672598 0.539680
0.784337 0.224199 0.505211
0.708434 0.747331 0.499552
0.860241 0.298932 0.791799
1.872289 2.167260 2.218960
1.518072 2.241993 1.649548
0.834940 0.523132 0.804240
1.239759 0.597865 1.761566
1.045638 1.315682 0.989841
0.535570 0.851324 0.341096
1.020134 1.083503 1.188542
1.045638 1.238289 1.198862
1.504698 1.315682 1.465498
0.790604 0.619145 0.786863
0.663087 0.619145 0.548245
0.663087 0.619145 0.596530
0.943624 0.851324 1.136193
1.683221 2.089613 1.719302
1.020134 0.851324 0.917013
1.326174 1.006110 1.497047
1.071141 1.393075 1.170896
0.994631 1.547862 0.968800
1.045638 1.238289 1.165923
1.020134 1.547862 0.780339
1.377181 1.160896 1.596210
0.433557 0.232179 0.211240
1.351678 1.083503 1.183435
0.816107 0.464358 0.716307
0.484564 0.232179 0.138839
0.510067 0.309572 0.164452
0.714094 0.386965 0.492581
1.632215 1.934827 1.918698
0.663087 0.464358 0.539957
1.377181 1.160896 1.732750
0.739597 0.773931 0.667754
2.040268 2.244399 2.265435
0.841611 0.541752 0.964121
0.459060 0.309572 0.288105
0.663087 0.928717 0.558191
0.561074 0.773931 0.395076
1.173154 1.315682 1.366629
0.969128 0.928717 1.043126
1.326174 1.006110 1.488999
1.810738 2.553971 2.188409
0.892617 0.541752 0.908671
0.790604 0.464358 0.700025
1.013211 1.099476 0.837545
1.061459 1.099476 0.961276
0.554854 0.806283 0.417338
0.723722 0.879581 0.519483
0.410109 0.439791 0.286433
1.157955 1.172775 1.350255
0.820218 0.439791 0.787538
1.133831 1.099476 1.269210
0.410109 0.219895 0.228724
0.385985 0.219895 0.302469
1.350948 1.172775 1.617909
0.699598 0.732984 0.582931
0.820218 0.586387 0.844487
0.675474 0.439791 0.477789
0.916715 0.439791 0.710734
1.013211 0.879581 1.250937
1.230327 1.539267 1.285942
1.061459 1.026178 1.052618
0.458357 0.659686 0.285589
1.905801 2.345550 1.631941
1.375072 1.685864 1.591429
0.820218 0.732984 0.433522
0.434233 0.219895 0.260754
0.675474 0.513089 0.505831
1.278576 1.979058 0.963344
1.061459 1.392670 0.832566
0.651350 0.586387 0.380328
0.747846 0.293194 0.734957
0.675474 0.806283 0.430589
0.964963 1.026178 1.073845
1.085583 1.319372 1.137651
1.326824 1.465969 1.684628
0.434233 0.293194 0.249424
0.892590 0.732984 1.088340
1.302700 0.513089 1.768606
1.857553 2.272251 2.257747
1.206203 1.392670 1.408745
2.002298 2.858639 2.232322
1.399196 1.319372 1.614597
1.471568 1.465969 1.965891
0.940839 0.439791 0.852189
1.592188 1.392670 1.831547
0.520710 0.463972 0.215011
0.723208 0.463972 0.466032
0.694280 0.618629 0.533113
1.186062 1.005272 1.086254
1.562130 1.159930 1.500321
0.665352 0.773286 0.504051
1.012492 1.159930 0.872795
0.636423 0.618629 0.455624
1.648915 2.165202 1.731136
0.781065 0.386643 0.937484
1.041420 1.237258 1.179216
0.838922 0.309315 0.830831
1.099277 1.314587 0.956876
0.433925 0.386643 0.218549
0.723208 0.773286 0.868927
0.433925 0.231986 0.241274
1.764629 1.933216 2.264834
1.359632 1.469244 1.244313
1.591059 2.165202 1.795036
1.243918 1.159930 1.626467
0.578567 0.773286 0.460866
1.070348 0.927944 1.070960
1.938199 2.087873 2.050586
0.781065 0.386643 0.845667
0.433925 0.386643 0.219719
1.793557 2.474517 2.279162
1.359632 1.237258 1.624406
1.099277 1.314587 1.107071
0.665352 0.463972 0.711836
1.938199 2.319859 2.170854
0.781065 0.463972 0.705270
0.549638 0.386643 0.375360
1.475345 1.159930 1.711719
0.954635 1.005272 1.175043
1.243918 1.237258 1.490116
0.752137 0.773286 0.560190
0.578567 0.773286 0.420454
1.214990 1.159930 1.039430
1.070348 1.237258 1.185960
1.157133 1.314587 1.475331
0.723208 0.695958 0.423559
1.070348 1.082601 1.080223
0.347140 0.154657 0.137980
0.462853 0.386643 0.150093
1.216981 1.254980 1.017283
1.358491 1.003984 1.459158
0.962264 1.505976 0.779051
0.594340 0.501992 0.495698
1.867925 2.342629 1.573412
0.622642 0.585657 0.370526
0.679245 0.418327 0.801100
1.500000 1.087649 1.490761
1.301887 1.087649 1.241782
0.594340 0.585657 0.394153
1.018868 1.087649 0.970114
0.735849 0.418327 0.450107
0.764151 0.669323 0.275122
0.849057 0.501992 0.908402
1.415094 1.003984 1.632523
1.698113 2.593625 1.750316
0.905660 0.836653 1.170005
1.216981 1.589641 1.021974
1.584906 1.003984 1.545819
1.132075 1.003984 1.050036
0.650943 0.501992 0.442516
1.103774 1.171315 0.967129
0.962264 1.505976 0.730219
0.509434 0.334661 0.480515
0.509434 0.334661 0.643217
0.622642 0.501992 0.354277
0.990566 0.920319 0.850529
0.594340 0.585657 0.280453
1.613208 1.338645 1.727116
0.764151 0.334661 0.683690
1.415094 1.338645 1.749293
1.358491 1.087649 1.502404
0.820755 1.171315 0.942478
0.594340 0.334661 0.315808
0.877358 0.501992 1.468797
0.622642 0.920319 0.430062
1.103774 1.505976 1.123817
0.962264 1.422311 0.677421
1.952830 3.095618 3.071125
1.047170 1.338645 2.468338
0.452830 0.418327 0.384600
0.452830 0.250996 0.308857
0.261438 0.153578 0.043731
1.516340 0.998255 1.023287
0.261438 0.076789 0.032882
0.758170 0.691099 0.755722
0.313725 0.153578 0.033777
0.758170 0.460733 0.416652
0.758170 0.614311 0.384031
0.313725 0.307155 0.059202
1.411765 0.844677 1.014712
0.496732 0.230366 0.155424
0.653595 0.614311 0.324493
0.732026 0.614311 0.641157
0.679739 0.691099 0.530209
1.464052 1.151832 1.776101
1.986928 2.841187 1.953409
1.176471 1.228621 1.742436
0.810458 0.307155 0.946190
0.705882 0.844677 0.476786
1.281046 1.612565 1.352776
0.705882 0.614311 0.447707
0.549020 0.767888 0.353572
1.228758 1.458988 1.826691
1.568627 2.073298 1.984501
0.679739 0.614311 0.708338
0.444444 0.383944 0.328370
1.176471 1.151832 1.665824
1.150327 1.458988 0.941642
1.124183 0.921466 1.464507
1.045752 0.998255 1.090505
1.071895 0.691099 1.118167
1.803922 2.457243 3.070681
1.385621 1.228621 2.086763
2.013072 3.071553 1.683607
0.549020 0.767888 0.182229
1.071895 0.844677 1.015980
1.045752 1.458988 0.827898
0.313725 0.153578 0.107369
1.934641 2.226876 1.466371
1.124183 1.612565 0.988467
1.594771 1.228621 1.887384
0.679739 0.537522 0.535615
1.019608 0.844677 1.034583
1.568627 1.535777 2.245095
0.810458 0.460733 1.275157
0.995115 1.172549 0.935493
1.348221 1.172549 1.421211
0.674110 0.541176 0.370361
1.091417 1.352941 1.280895
1.476622 1.803922 1.827205
1.444522 1.803922 1.916469
0.995115 1.082353 1.019497
1.059316 1.352941 1.024345
0.930914 1.172549 1.065496
1.123517 0.992157 0.914660
0.513608 0.450980 0.245231
1.284020 1.623529 1.356674
0.481507 0.270588 0.332303
0.385206 0.270588 0.244174
1.348221 0.992157 1.912060
0.898814 0.721569 1.161541
1.187718 1.172549 1.281462
0.866713 0.450980 0.925257
0.770412 0.450980 0.817377
0.770412 0.721569 0.627298
0.545708 0.811765 0.362264
1.797627 1.984314 2.106445
0.802512 0.450980 0.598574
0.577809 0.901961 0.303606
1.187718 1.352941 1.282957
1.316120 1.352941 1.380240
1.155618 1.082353 1.195937
0.706211 0.360784 0.629773
0.995115 1.443137 1.076428
0.481507 0.450980 0.271067
1.893929 2.164706 1.824162
0.385206 0.270588 0.200522
1.123517 1.262745 1.012716
1.444522 1.172549 1.932275
1.797627 2.254902 2.370653
0.770412 0.450980 0.613271
0.866713 0.450980 0.805851
1.412421 1.443137 1.549151
0.898814 0.360784 0.908781
0.481507 0.360784 0.193302
0.738311 0.811765 0.295278
1.284020 1.262745 1.331921
0.417306 0.360784 0.145447
1.829728 2.435294 1.878515
0.706211 0.721569 0.377786
0.738311 0.450980 0.674070
1.304768 0.598513 1.655629
1.027158 0.855019 1.117324
0.777308 0.684015 0.599483
1.221485 1.539033 1.352759
0.638503 0.427509 0.634727
1.027158 1.453532 0.868499
0.666264 0.684015 0.490577
0.888352 0.598513 0.962564
0.638503 0.684015 0.473680
0.832830 0.684015 0.917980
0.444176 0.684015 0.128614
0.416415 0.256506 0.181510
1.915510 2.821561 2.074085
1.415812 1.282528 1.846207
1.859988 2.650558 1.809603
0.444176 0.342007 0.188039
0.610742 0.513011 0.530023
0.444176 0.342007 0.402678
1.054919 1.197026 0.983360
1.054919 1.197026 0.977920
1.388051 1.111524 1.410794
0.749547 0.342007 0.616229
0.555220 0.940520 0.245440
1.332529 1.795539 1.325313
0.916113 1.111524 0.711654
1.110441 1.026022 0.962111
1.804466 2.223048 1.823144
1.221485 1.368030 0.920247
1.526856 1.624535 1.058352
0.638503 0.598513 0.224886
0.805069 0.513011 0.874242
0.416415 0.171004 0.408844
1.027158 1.026022 1.007390
1.054919 1.368030 1.229586
0.860591 0.342007 0.949204
1.082680 1.282528 0.984509
1.415812 1.282528 2.138921
1.388051 1.111524 1.503408
0.666264 0.769517 0.621186
0.499698 0.684015 0.302356
1.915510 0.598513 2.811643
1.665661 1.453532 2.263515
1.054919 1.026022 1.160458
1.277007 1.881041 1.580395
0.471937 0.427509 0.473408
0.471937 0.427509 0.197500
0.807542 0.422794 0.608918
0.687906 0.761029 0.463267
1.674902 1.860294 1.937670
1.076723 1.014706 1.210755
0.957087 1.268382 0.949115
1.016905 1.099265 1.046043
0.628088 0.507353 0.553956
1.495449 1.944853 1.719723
1.046814 1.183824 0.967270
1.166450 1.437500 1.013014
0.927178 0.507353 0.807695
1.794538 2.536765 1.818615
0.478544 0.338235 0.219523
0.508453 0.253676 0.208859
0.927178 1.099265 1.129284
0.897269 0.676471 0.907473
0.448635 0.169118 0.287804
0.986996 1.352941 0.862528
1.286086 1.099265 1.626401
0.568270 0.422794 0.301555
1.106632 0.930147 1.013489
1.345904 1.522059 1.513217
0.657997 0.507353 0.493339
0.568270 0.761029 0.370700
1.405722 1.183824 1.430365
1.016905 0.930147 0.982101
0.837451 0.507353 0.768946
1.884265 2.367647 1.960812
1.465540 2.029412 1.663617
1.046814 0.930147 1.216929
1.106632 1.099265 1.256283
1.106632 1.183824 1.358284
0.538362 0.507353 0.286854
0.508453 0.253676 0.315631
0.598179 0.422794 0.442738
1.794538 2.198529 2.219776
1.405722 1.014706 1.787659
0.867360 0.930147 0.732312
1.196359 0.761029 1.558853
0.717815 0.845588 0.411932
0.837451 0.507353 0.769615
1.286086 1.437500 1.261982
0.687906 0.591912 0.714653
0.747724 0.422794 0.901428
1.196359 1.352941 1.490680
0.687906 0.845588 0.438334
0.628702 0.503125 0.528702
1.231207 0.862500 1.370354
1.283599 1.006250 1.340407
0.733485 0.862500 0.591187
1.152620 1.293750 1.252582
0.759681 0.718750 0.663751
1.466970 1.940625 1.734951
0.707289 0.646875 0.420014
1.021640 0.934375 0.904739
1.021640 1.150000 0.964894
0.550114 0.718750 0.384832
1.021640 0.862500 0.979553
0.471526 0.215625 0.289468
1.309795 1.437500 1.269309
1.388383 1.150000 1.588672
1.074032 1.150000 1.108790
0.471526 0.215625 0.196722
0.366743 0.143750 0.233266
0.445330 0.287500 0.245778
1.938497 2.587500 1.922799
0.419134 0.359375 0.178634
0.576310 0.718750 0.409779
1.021640 1.221875 0.980024
1.178815 1.221875 1.305041
1.074032 0.934375 1.169574
1.728929 1.940625 1.974787
0.497722 0.718750 0.253082
0.628702 0.646875 0.523231
1.466970 2.012500 1.709061
1.755125 2.443750 1.901726
1.335991 1.150000 1.514250
0.969248 0.934375 1.017824
1.859909 2.084375 1.846623
0.995444 1.006250 0.957460
0.681093 0.575000 0.568596
1.362187 1.437500 1.363626
0.916856 0.646875 0.716629
0.759681 0.862500 0.660112
0.916856 0.503125 0.713645
0.916856 0.575000 0.723383
0.995444 1.006250 0.995521
1.152620 1.221875 1.047064
0.995444 1.006250 1.676628
0.838269 0.359375 1.246352
1.283599 0.862500 1.720344
0.628702 0.862500 0.836233
1.444385 0.799368 1.359747
0.979244 1.453397 0.742784
1.321980 0.872038 1.164055
0.709952 0.726698 0.628752
0.979244 1.017378 0.998726
1.909526 2.252765 1.667751
0.758914 0.290679 0.870134
0.465141 0.218009 0.269515
0.416179 0.508689 0.112407
1.028206 1.235387 1.062481
0.807877 0.363349 0.958326
0.514103 0.799368 0.273052
1.958489 2.688784 1.855638
0.612028 0.436019 0.578698
1.175093 1.453397 1.326612
0.709952 0.726698 0.604474
0.856839 0.508689 0.571561
0.636509 0.436019 0.609986
0.709952 1.017378 0.320876
1.028206 1.162717 1.113618
0.514103 0.363349 0.180973
1.566791 1.235387 1.661666
0.587547 0.799368 0.427325
0.856839 0.654028 0.538712
1.395423 1.235387 1.424330
0.954763 1.162717 0.850316
0.758914 0.436019 0.652234
1.836083 2.398104 2.029760
0.489622 0.218009 0.139840
0.538584 0.508689 0.231632
0.318254 0.145340 0.273689
1.052688 1.308057 0.835915
0.636509 0.581359 0.312624
1.028206 1.090047 0.720927
1.126131 1.308057 1.181515
1.077169 1.162717 1.129135
0.783395 0.508689 1.028995
1.444385 1.090047 2.032277
1.444385 1.598736 1.666190
1.077169 1.598736 0.865100
1.052688 1.017378 1.503346
1.982970 3.197472 2.541422
0.367217 0.145340 0.340184
1.273018 1.598736 1.455363
1.419904 0.799368 2.537821
1.395423 0.872038 2.349521
1.489572 1.796875 1.498299
0.984632 1.078125 0.826617
0.605928 0.503125 0.509010
1.338090 1.509375 1.210459
0.504940 0.575000 0.185570
0.353458 0.215625 0.220544
0.479693 0.215625 0.180074
0.454446 0.215625 0.333949
0.782656 1.006250 0.514939
0.706915 0.790625 0.553094
1.060373 1.221875 1.110262
1.312843 1.365625 1.225162
1.009879 0.862500 0.989337
1.792536 2.012500 1.695992
1.211855 1.365625 1.368817
0.681668 0.575000 0.381046
1.009879 1.150000 0.972441
1.085620 1.150000 0.894925
0.555434 0.790625 0.238549
0.656422 0.718750 0.276607
0.656422 0.575000 0.383698
1.060373 1.150000 1.247530
1.186608 1.581250 1.410804
0.530187 0.575000 0.208396
0.984632 1.078125 0.720756
0.984632 1.221875 1.078928
1.363337 1.293750 1.675625
0.984632 0.790625 0.628296
0.555434 0.790625 0.468613
1.363337 1.150000 1.713371
0.833150 0.503125 0.739749
1.110867 1.293750 1.292651
1.817783 2.443750 2.106155
1.540066 2.156250 1.867896
1.009879 0.862500 1.187007
0.454446 0.287500 0.204756
0.858397 0.646875 0.837849
0.833150 0.646875 0.702895
1.009879 0.503125 0.824857
0.908891 0.646875 0.773951
1.843030 1.365625 2.752216
1.439078 1.150000 2.185045
0.454446 0.215625 0.300952
0.807903 0.718750 0.694508
1.464325 0.862500 2.135609
1.868277 2.371875 2.672193
0.819398 0.651163 0.687625
0.795987 0.455814 0.694605
0.959866 0.846512 0.933732
1.123746 1.041860 1.058605
1.381271 0.976744 1.605023
1.123746 1.302326 1.292854
0.515050 0.716279 0.376641
0.936455 0.911628 1.015777
1.264214 1.302326 1.471876
0.678930 0.651163 0.409200
0.538462 0.716279 0.321333
1.006689 1.172093 0.927452
0.632107 0.846512 0.566983
1.357860 1.106977 1.407161
0.749164 0.781395 0.571673
1.287625 1.367442 1.458507
0.515050 0.520930 0.222012
0.351171 0.325581 0.275594
1.076923 1.041860 0.831877
0.866221 0.976744 0.978016
0.655518 0.520930 0.447366
1.193980 1.367442 1.609686
0.468227 0.390698 0.406586
0.585284 0.520930 0.653448
0.772575 0.586047 0.611401
0.444816 0.260465 0.207727
0.983278 0.781395 1.014214
0.608696 0.520930 0.588869
1.826087 2.213953 2.048400
1.334448 0.976744 1.350749
1.030100 1.432558 0.916348
1.217391 1.497674 1.306007
0.819398 0.455814 0.889502
0.913043 0.651163 0.794062
1.872910 2.539535 1.966328
1.849498 2.604651 1.731433
0.608696 0.846512 0.322546
1.474916 1.953488 1.691542
1.732441 2.018605 2.102683
0.795987 0.455814 0.647599
1.240803 1.237209 1.245794
1.591973 0.455814 2.341163
0.870662 0.485915 0.986389
0.986751 1.052817 0.921149
0.435331 0.161972 0.169452
0.783596 0.485915 0.761633
1.015773 0.971831 0.993812
1.189905 1.376761 1.324635
0.464353 0.242958 0.186954
1.509148 1.214789 1.628963
0.783596 0.485915 0.636978
1.654259 2.105634 1.774574
1.073817 0.647887 1.167089
0.870662 0.647887 0.877951
0.522397 0.404930 0.371851
0.725552 0.566901 0.556949
1.015773 0.971831 0.998837
1.683281 2.186620 1.964783
0.609464 0.971831 0.322429
1.393060 1.376761 1.309075
0.986751 0.809859 1.018937
0.667508 0.566901 0.254534
0.551420 0.809859 0.305184
0.609464 0.728873 0.387155
1.044795 1.538732 0.875695
0.667508 0.647887 0.503701
1.422082 1.457746 1.457370
0.957729 1.295775 1.008487
0.696530 0.647887 0.540447
1.160883 1.376761 0.927773
0.435331 0.323944 0.207168
1.131861 1.457746 1.420567
1.393060 1.214789 1.363722
1.596215 2.024648 1.920043
0.957729 0.971831 1.192443
0.406309 0.242958 0.282143
1.015773 1.133803 1.022563
1.625237 2.024648 1.540483
0.812618 0.485915 0.704416
1.131861 1.133803 1.183306
1.828391 2.429577 1.933719
0.319243 0.080986 0.217218
1.480126 1.052817 2.055804
1.335016 1.133803 1.552531
0.812618 0.485915 0.818793
0.580442 0.485915 0.168509
0.899685 0.647887 1.492773
1.886435 2.429577 2.691012
1.042338 1.013559 1.077558
0.356589 0.155932 0.256584
1.892665 2.572881 1.717036
0.658318 0.623729 0.561850
1.316637 1.013559 1.861602
1.316637 1.169492 1.434967
0.521169 0.701695 0.409440
1.042338 1.091525 0.845008
1.344067 1.481356 1.384136
0.850328 0.311864 0.779550
1.536076 2.105085 1.807310
0.411449 0.155932 0.171475
1.481216 1.247458 1.560021
1.344067 1.403390 1.263436
0.877758 0.779661 0.901310
1.097197 1.169492 1.313374
0.768038 0.545763 0.654580
1.453787 1.169492 1.345894
0.466309 0.389831 0.191321
0.960048 0.857627 1.014305
0.356589 0.233898 0.250303
0.466309 0.311864 0.350319
0.493739 0.545763 0.278385
1.042338 1.169492 1.111557
1.261777 1.325424 1.214503
1.069767 1.169492 0.857318
0.822898 0.857627 0.717916
1.782946 2.105085 2.153553
0.466309 0.389831 0.210024
1.590936 1.325424 1.973732
0.822898 0.467797 0.827143
0.987478 0.779661 1.111948
1.014908 1.247458 0.764616
0.768038 0.935593 0.672919
1.206917 1.403390 1.086742
1.700656 2.105085 1.660483
0.548599 0.701695 0.496783
1.152057 1.013559 1.104299
1.755516 2.105085 2.202374
0.685748 0.701695 0.412343
0.685748 0.467797 0.590517
1.069767 1.325424 0.853131
0.960048 1.247458 1.189353
0.822898 0.857627 0.738768
0.768038 0.545763 1.123867
0.960048 0.701695 1.496349
0.293420 0.074380 0.072019
0.666864 0.595041 0.321041
0.560166 0.818182 0.292991
1.040308 0.892562 0.812661
1.360403 1.561983 1.464878
0.666864 0.520661 0.492541
1.360403 1.041322 1.543680
0.800237 0.818182 0.606943
0.426793 0.446281 0.203824
0.506817 0.223140 0.322065
0.506817 0.297521 0.278659
0.773563 0.446281 0.862952
1.013634 0.892562 1.403480
0.586841 0.892562 0.383821
0.826912 0.371901 0.828555
1.040308 1.264463 1.083130
1.653823 2.231405 1.659438
0.506817 0.743802 0.294373
0.800237 0.520661 0.589284
1.120332 1.264463 1.339446
1.440427 1.710744 1.299725
0.426793 0.223140 0.238298
0.880261 0.743802 0.715356
1.227030 1.264463 1.485762
0.666864 0.446281 0.529754
1.013634 0.966942 0.924759
0.880261 0.446281 0.882326
1.013634 1.041322 0.934331
0.773563 0.595041 0.563562
1.066983 1.115702 1.203879
1.013634 1.264463 1.006478
0.960285 0.892562 0.996472
0.960285 0.966942 0.868633
1.173681 1.264463 1.103298
1.600474 2.157025 1.541991
1.360403 1.338843 1.907462
1.040308 1.190083 1.147420
1.413752 1.190083 1.911045
1.387078 1.413223 1.314288
0.773563 0.743802 0.543267
1.893894 2.603306 1.956012
1.467101 1.115702 2.153080
1.867220 2.157025 2.602138
1.733847 1.933884 2.076761
0.453468 0.297521 0.238119
0.647491 0.500000 0.372199
1.914321 2.666667 1.868563
1.097919 1.083333 0.925344
0.394125 0.416667 0.170422
0.872705 0.666667 0.775338
0.760098 0.500000 0.484994
1.238678 1.416667 1.273371
0.675643 0.583333 0.433583
1.041616 0.916667 1.002420
0.647491 0.416667 0.468225
0.506732 0.250000 0.322003
0.675643 0.666667 0.386398
0.478580 0.666667 0.208545
1.041616 0.416667 2.006745
1.407589 1.333333 1.329754
0.450428 0.250000 0.252497
1.463892 1.166667 2.092329
1.041616 0.833333 1.014437
0.731946 0.750000 0.549775
1.154223 1.166667 1.198064
1.097919 1.333333 1.239005
0.422277 0.333333 0.206031
1.266830 1.500000 1.377464
0.872705 1.166667 1.044245
1.323133 1.666667 1.451776
1.379437 1.666667 1.486142
1.069767 1.250000 0.997944
0.985312 1.250000 0.945898
1.660955 1.833333 1.836655
1.351285 1.083333 1.619961
0.563035 0.833333 0.243685
1.773562 2.583333 1.725656
0.957160 1.000000 0.987944
1.154223 1.416667 1.419206
0.816401 1.083333 0.744812
1.407589 1.083333 1.901658
1.323133 1.416667 1.563632
0.647491 0.333333 0.256807
1.886169 2.250000 1.887486
1.154223 0.583333 1.468103
0.591187 0.833333 0.575495
0.844553 0.500000 0.705280
0.900857 0.833333 0.734259
0.478580 0.250000 0.299378
0.985312 0.750000 1.161626
0.844553 0.500000 0.984850
0.996949 0.821656 1.075663
1.206833 1.095541 1.342240
1.364246 0.753185 1.500728
0.918243 0.821656 0.843496
0.708359 0.821656 0.430810
1.075656 1.437898 0.905421
0.813301 0.547771 0.655885
1.049420 1.164013 1.724588
0.288591 0.068471 0.190468
1.049420 1.027070 1.083412
1.652837 4.313694 1.953011
0.944478 0.958599 0.893010
0.839536 0.410828 0.829477
0.787065 0.410828 0.887855
0.524710 0.684713 0.367737
1.600366 2.054140 1.606157
1.128127 1.300955 0.946594
0.550946 0.821656 0.348201
1.023185 0.821656 0.959990
0.341062 0.136943 0.226585
0.446004 0.342357 0.307881
1.390482 1.437898 1.363385
1.390482 1.095541 1.578478
2.046370 2.464968 2.311292
0.813301 0.410828 0.758687
1.128127 0.958599 1.342896
0.682123 0.410828 0.557581
0.472239 0.273885 0.174380
0.577181 0.273885 0.226519
0.655888 0.410828 0.655787
0.682123 0.753185 0.399421
1.547895 1.917197 1.584355
1.233069 1.095541 1.267904
1.442953 1.027070 1.909605
1.495424 1.095541 1.740807
1.180598 1.300955 1.493406
0.787065 0.753185 0.739250
0.498475 0.479299 0.229671
1.862721 2.601911 2.017037
0.918243 0.616242 0.646396
0.865772 0.479299 0.980774
0.734594 0.890127 0.602596
1.285540 1.437898 1.340565
0.975000 0.897898 0.758700
1.275000 0.690691 1.152799
1.075000 1.312312 0.917894
1.375000 1.243243 1.375758
0.700000 0.552553 0.374433
0.375000 0.345345 0.152585
1.000000 1.381381 0.827936
0.975000 1.174174 0.823873
0.525000 0.690691 0.274967
0.475000 0.345345 0.191348
0.500000 0.690691 0.194815
0.550000 0.759760 0.309071
1.475000 1.036036 1.642707
0.925000 0.828829 1.009099
0.650000 0.483483 0.620038
1.175000 1.312312 1.275262
1.075000 1.036036 1.081179
0.800000 0.828829 0.570901
0.675000 0.552553 0.501637
0.375000 0.276276 0.208711
1.900000 2.417417 1.676513
1.025000 0.759760 0.973722
0.950000 1.105105 1.023211
1.600000 2.072072 1.405338
0.800000 0.621622 0.742149
1.350000 1.036036 1.538717
1.175000 1.243243 1.287560
0.625000 0.552553 0.376059
0.800000 0.828829 0.602512
0.550000 0.690691 0.242679
0.475000 0.207207 0.382966
1.100000 1.036036 1.275398
0.750000 0.414414 0.605275
1.900000 2.210210 2.167071
1.475000 2.072072 1.884628
1.225000 1.519520 1.454041
1.350000 1.036036 1.676756
0.900000 0.621622 0.816397
1.000000 0.828829 1.089305
1.800000 2.072072 1.965349
0.750000 0.414414 0.927185
0.425000 0.207207 0.339003
0.925000 0.621622 0.860170
0.825000 0.345345 1.152826
1.950000 2.555556 2.729547
1.425000 2.072072 2.541911
1.029821 0.998172 0.811644
0.695825 0.614260 0.318108
0.695825 0.691042 0.395699
0.946322 1.074954 0.740138
1.029821 1.228519 0.861982
1.280318 1.458867 1.541382
0.974155 0.691042 0.596388
0.500994 0.691042 0.277690
1.335984 0.998172 1.558899
1.224652 1.305302 1.267638
0.667992 0.537477 0.396473
0.640159 0.460695 0.505263
0.640159 0.537477 0.592332
1.280318 1.382084 1.176255
1.753479 2.380256 2.357820
0.500994 0.691042 0.234248
1.029821 1.228519 0.719597
1.113320 1.151737 1.279734
1.836978 2.380256 2.233837
0.500994 0.691042 0.395847
0.779324 0.537477 0.666530
0.779324 0.691042 0.711115
1.057654 1.305302 1.323065
1.781312 1.996344 2.485823
0.528827 0.460695 0.218390
0.417495 0.076782 0.240185
1.447316 1.074954 1.621813
0.417495 0.153565 0.183947
1.586481 2.149909 1.967800
1.168986 1.228519 1.287442
1.141153 1.228519 1.267454
1.753479 1.996344 2.031747
1.502982 1.919561 2.010284
0.946322 0.767824 0.920876
0.974155 0.691042 0.947096
0.445328 0.537477 0.157026
1.224652 0.921389 1.610602
1.391650 0.998172 1.654339
0.500994 0.230347 0.188483
1.057654 0.921389 0.914275
0.473161 0.230347 0.254531
0.946322 0.691042 1.076205
1.439084 1.887133 1.639717
0.647588 0.595937 0.378731
1.762878 2.383747 2.088023
1.295176 1.291196 1.462280
1.331153 1.489842 1.564087
0.611611 0.695260 0.304007
1.187244 1.390519 1.244417
0.611611 0.893905 0.340372
1.079313 1.191874 1.150332
0.431725 0.397291 0.241719
1.043336 1.092551 1.189380
0.827473 0.397291 0.768447
0.503679 0.695260 0.192302
1.690924 1.787810 2.225071
1.295176 0.893905 1.765018
1.007359 1.291196 0.944326
1.007359 0.893905 0.937872
0.647588 0.695260 0.563347
0.683565 0.397291 0.444789
1.043336 1.191874 0.898063
1.223222 1.489842 1.251922
1.007359 1.191874 1.287272
1.798855 2.284424 1.995208
0.539657 0.297968 0.205318
1.259199 1.291196 1.175277
1.007359 0.893905 1.016693
1.043336 0.794582 0.941244
0.971382 0.794582 0.914451
0.719542 0.695260 0.625598
0.719542 0.496614 0.592062
1.403107 1.191874 1.694391
0.611611 0.496614 0.407990
1.331153 0.993228 1.410760
1.475061 2.085779 1.604367
0.935405 0.397291 1.125243
0.395748 0.198646 0.336275
0.863451 0.893905 0.823339
0.395748 0.198646 0.320431
0.791496 0.695260 0.492140
1.762878 2.085779 1.923493
0.719542 0.397291 0.894582
1.367130 1.688488 1.630798
0.539657 0.198646 0.280586
0.971382 0.695260 0.708262
1.012298 0.910072 0.977016
1.012298 1.075540 0.931916
0.387055 0.248201 0.239384
1.399353 1.158273 1.688253
0.774110 0.827338 0.714533
1.280259 1.489209 1.393559
1.131392 1.323741 1.100661
0.595469 0.827338 0.403761
0.684790 0.330935 0.584136
1.548220 1.654676 1.766315
1.339806 1.489209 1.385627
1.071845 1.323741 1.036507
0.952751 0.744604 1.026351
0.833657 0.661871 0.711853
0.952751 1.158273 0.961715
0.744337 0.661871 0.695185
0.506149 0.330935 0.340250
0.684790 0.661871 0.463439
0.506149 0.413669 0.239652
1.250485 0.992806 1.640982
0.893204 0.661871 0.856078
1.071845 1.241007 0.988459
0.535922 0.248201 0.287941
0.535922 0.744604 0.368816
1.131392 0.992806 1.208923
1.369579 0.992806 1.686699
0.416828 0.330935 0.245735
1.726861 2.068345 2.007789
1.101618 1.158273 1.108968
1.369579 1.406475 1.452059
0.684790 0.330935 0.509665
0.714563 0.744604 0.607423
0.982524 0.992806 0.821322
1.220712 1.406475 1.350629
1.845955 2.151079 2.092443
1.577994 2.151079 1.643555
0.684790 0.661871 0.647512
1.875728 2.564748 1.856623
1.012298 1.158273 1.013676
1.429126 1.158273 1.684314
0.893204 0.661871 0.980848
1.458900 1.985612 1.920509
1.042071 1.075540 0.953354
0.803883 0.248201 0.815158
0.535922 0.165468 0.304127
0.416828 0.413669 0.286280
0.454291 0.642857 0.126603
0.984296 0.928571 0.772672
0.530006 0.428571 0.296105
0.630959 0.571429 0.336572
0.302860 0.214286 0.111534
0.656197 0.571429 0.447937
0.328099 0.142857 0.229656
0.429052 0.357143 0.142353
1.160965 1.357143 1.229602
0.630959 0.857143 0.330739
1.362872 0.928571 1.282610
0.858104 0.571429 0.896821
1.110488 1.071429 0.988985
0.530006 0.714286 0.261033
1.060011 1.142857 0.981256
1.337633 1.071429 1.233831
1.186203 1.357143 1.170006
0.378575 0.285714 0.125194
0.605721 0.357143 0.395730
0.807628 0.714286 1.137948
1.186203 1.500000 1.055677
1.009534 0.928571 0.968520
0.630959 0.571429 0.433548
1.993831 2.571429 2.229450
1.261918 1.214286 1.645286
1.362872 1.785714 1.718953
1.287156 1.142857 1.677149
1.665732 2.285714 1.863275
1.034773 1.142857 1.217984
0.807628 0.500000 0.653336
1.009534 1.285714 0.841746
1.060011 0.857143 1.130438
1.009534 1.357143 1.000529
0.832866 0.785714 0.750336
1.060011 1.500000 0.999071
1.918116 2.214286 2.394796
0.706674 0.571429 0.530354
0.782389 0.500000 0.613549
1.438587 1.214286 1.400391
1.514302 2.000000 1.839772
1.867639 2.142857 1.992625
0.908581 0.500000 0.613403
0.454291 0.357143 0.299507
1.590017 0.500000 2.755405
1.261918 1.285714 1.877712
0.921053 0.913907 0.706448
0.842105 0.685430 0.706377
0.631579 0.685430 0.424085
1.157895 1.447020 1.298719
1.210526 1.370861 0.745726
0.447368 0.304636 0.118845
1.052632 1.142384 1.061509
1.473684 1.751656 1.480429
0.894737 0.533113 0.722741
0.763158 0.456954 0.844017
1.236842 1.294702 1.573734
0.973684 0.913907 0.830546
1.342105 1.218543 1.950306
0.684211 0.837748 0.501168
0.526316 0.380795 0.398953
0.500000 0.456954 0.223047
0.657895 0.609272 0.465280
1.000000 1.370861 0.828825
0.605263 0.990066 0.314665
1.394737 1.066225 2.004794
0.710526 0.456954 0.465262
0.868421 0.761589 0.640512
1.052632 1.294702 0.915988
0.657895 0.380795 0.334455
1.210526 1.370861 1.284396
0.447368 0.304636 0.118188
2.000000 2.741722 2.188262
1.973684 2.665563 1.990241
0.684211 0.837748 0.416187
1.105263 0.990066 0.910255
0.552632 0.685430 0.269246
0.552632 0.837748 0.392262
1.342105 1.370861 1.507194
0.921053 0.304636 0.760475
0.868421 0.533113 1.008387
1.000000 1.447020 1.152861
1.815789 2.360927 2.272994
1.526316 0.533113 1.931528
1.210526 0.990066 1.746836
1.210526 1.066225 1.770371
1.131579 1.218543 1.380806
1.578947 0.685430 2.148132
1.157895 1.370861 1.477093
1.000000 0.990066 1.144998
0.526316 0.533113 0.354777
0.578947 0.837748 0.218077
0.685233 0.611006 0.250359
1.251295 0.960152 1.380959
1.072539 1.047438 1.039199
0.744819 0.436433 0.686753
0.387306 0.261860 0.205896
1.072539 1.047438 1.088692
1.132124 1.309298 1.378848
0.893782 0.698292 0.558550
1.251295 1.571157 0.998359
1.340674 1.134725 1.541401
1.430052 1.134725 1.722459
0.536269 0.698292 0.292554
1.012953 1.309298 0.932055
1.847150 2.182163 2.111550
0.685233 0.785579 0.482499
0.566062 0.785579 0.296594
1.281088 1.396584 1.545676
0.685233 0.698292 0.484636
0.625648 0.611006 0.366259
0.417098 0.174573 0.122625
0.536269 0.261860 0.322500
0.774611 0.611006 0.562929
0.417098 0.349146 0.095337
0.804404 0.523719 0.703928
1.102332 1.483871 0.851964
0.715026 0.523719 0.551774
0.953368 1.047438 0.951576
0.983161 1.047438 0.947797
0.863990 0.523719 0.893508
0.417098 0.174573 0.177487
1.102332 1.396584 1.240038
1.012953 1.309298 0.701765
0.983161 0.960152 0.843233
0.834197 0.523719 0.884048
1.936528 2.444023 2.091116
1.072539 1.309298 1.158253
1.191710 1.396584 1.399594
0.655440 0.960152 0.631448
1.549223 1.222011 1.715031
1.906736 2.444023 2.061014
1.519430 2.007590 1.725352
1.817358 2.182163 2.032241
0.536269 0.611006 0.155230
0.506477 0.261860 0.273945
1.400259 0.611006 2.660874
1.489637 0.960152 2.882094
0.478904 0.218009 0.142221
0.705753 0.726698 0.533654
0.705753 0.799368 0.544797
0.453699 0.436019 0.196135
1.411507 1.162717 1.713880
1.184658 1.380727 1.185211
0.453699 0.581359 0.179861
0.352877 0.218009 0.244478
0.554521 0.872038 0.301974
1.083836 1.162717 0.947499
1.436712 1.235387 1.692034
0.756164 0.581359 0.748368
1.159452 1.308057 0.954495
0.957808 0.726698 1.564538
0.705753 0.726698 0.572655
0.831781 0.363349 0.966643
0.705753 0.944708 0.454563
1.285479 1.380727 1.547467
0.856986 0.726698 0.866648
0.378082 0.145340 0.276420
0.478904 0.363349 0.189873
0.630137 0.581359 0.383557
0.529315 0.290679 0.289092
0.554521 0.726698 0.303775
1.386301 1.235387 1.489510
1.134247 1.526066 1.334219
1.058630 1.598736 1.038256
0.957808 0.436019 0.720008
1.058630 1.308057 1.047808
1.613151 1.526066 1.819740
1.361096 0.872038 1.675633
1.562740 1.380727 1.882933
1.008219 1.162717 1.073131
0.806575 0.581359 0.578960
1.134247 1.235387 1.321505
1.033425 1.453397 1.032831
2.016438 2.616114 2.165616
1.386301 1.162717 1.619017
1.940822 2.252765 2.124038
1.688767 2.107425 2.154200
1.083836 1.235387 1.076692
1.184658 1.308057 1.381032
1.058630 1.017378 1.274209
1.083836 1.308057 1.111629
0.856986 0.290679 0.613960
0.932603 0.726698 0.665235
0.479460 0.248201 0.152151
0.507664 0.248201 0.156033
0.676885 0.661871 0.347213
0.564071 0.910072 0.357850
0.761496 0.413669 0.645897
1.212753 1.654676 1.004026
1.184549 1.406475 1.397560
0.676885 0.661871 0.482552
0.987124 1.241007 0.914708
0.592275 0.827338 0.409811
0.676885 0.827338 0.447832
0.507664 0.248201 0.165168
1.099939 1.323741 1.273330
1.071735 1.489209 0.935788
0.874310 0.496403 0.808127
0.987124 0.992806 1.201575
0.987124 1.158273 0.899696
1.212753 1.406475 1.146827
0.705089 0.579137 0.546886
0.705089 0.579137 0.611006
0.874310 0.496403 0.912649
1.353771 1.158273 1.673984
1.128142 1.075540 1.185492
1.297364 1.323741 1.427389
0.564071 0.496403 0.315818
1.043532 1.323741 0.817177
1.748620 2.151079 2.153276
1.410178 0.992806 1.393871
0.761496 0.330935 0.646840
1.776824 2.068345 2.068440
0.620478 0.330935 0.476547
0.930717 0.910072 1.004862
1.353771 1.158273 1.504441
1.494788 1.985612 1.622237
1.325567 0.827338 1.772608
0.789700 0.330935 0.697579
0.987124 1.075540 1.200911
1.974249 2.564748 2.195200
1.043532 0.579137 1.160015
0.930717 0.413669 0.885714
1.607603 2.482014 2.014313
1.861435 2.482014 2.009231
0.423053 0.248201 0.220474
1.325567 1.075540 1.996299
0.479460 0.496403 0.392226
0.423053 0.248201 0.348371
1.913621 2.454545 2.128361
1.106312 0.409091 1.278022
0.807309 0.654545 0.780196
0.717608 0.654545 0.521056
1.734219 2.127273 2.175623
0.568106 0.327273 0.314929
0.747508 0.736364 0.542912
1.076412 1.309091 0.958141
0.388704 0.245455 0.228833
1.285714 1.227273 1.407654
1.614618 2.045455 1.685499
0.538206 0.409091 0.218230
0.777409 0.245455 0.784572
0.448505 0.327273 0.209628
1.584718 1.881818 2.061769
1.106312 1.063636 1.321508
1.285714 1.554545 1.251190
1.016611 0.572727 1.032110
0.448505 0.245455 0.261666
1.375415 1.636364 1.321082
1.435216 1.063636 1.755192
0.986711 0.981818 1.180322
0.687708 0.736364 0.373219
1.465116 1.881818 1.581998
0.687708 0.654545 0.300101
1.405316 0.981818 1.748940
0.747508 0.736364 0.958591
0.568106 0.736364 0.222906
0.358804 0.409091 0.074194
1.106312 1.145455 1.310830
1.076412 1.309091 0.933685
0.538206 0.654545 0.256139
0.747508 0.572727 0.431809
1.016611 0.981818 1.113080
0.986711 1.145455 1.144338
1.106312 1.063636 1.160767
1.345515 1.145455 1.555742
0.717608 0.736364 0.500551
2.063123 3.190909 2.506981
1.166113 1.472727 1.352565
0.837209 0.490909 0.925333
0.747508 0.409091 0.618331
0.807309 0.409091 0.659866
0.538206 0.572727 0.247837
1.315615 1.390909 1.603704
0.454036 0.510535 0.106391
0.983744 0.729335 0.781596
0.529709 0.437601 0.309122
0.655830 0.656402 0.335672
0.302691 0.145867 0.100611
0.655830 0.729335 0.443190
0.327915 0.218801 0.221343
0.428812 0.291734 0.178509
1.160314 1.312804 1.302061
0.630605 0.875203 0.344426
1.336883 0.948136 1.189147
0.807175 0.583468 0.812631
0.529709 0.802269 0.232519
1.135090 1.094003 1.118180
1.034193 1.166937 0.914321
1.336883 1.094003 1.549618
1.210762 1.458671 1.251312
0.403587 0.364668 0.134235
0.655830 0.437601 0.395439
0.807175 0.656402 1.187564
1.185538 1.677472 1.018049
0.983744 0.948136 0.835223
0.655830 0.583468 0.440432
1.992713 2.771475 2.281736
1.286435 1.312804 1.619266
1.412556 1.896272 1.555158
1.261211 1.166937 1.845981
1.639574 2.333874 2.004584
1.059417 1.094003 1.239944
0.781951 0.437601 0.622034
1.008969 1.312804 0.888562
0.731502 0.656402 0.441031
0.731502 0.437601 0.739169
0.933296 0.510535 0.601529
1.866592 2.115073 1.882724
0.327915 0.291734 0.251322
1.412556 1.166937 1.418165
1.538677 2.115073 1.664426
1.084641 0.510535 1.172142
1.008969 1.312804 1.016058
1.059417 1.385737 0.953102
0.832399 0.291734 0.702835
1.942265 2.333874 2.296366
1.614350 0.510535 2.731138
1.261211 1.312804 1.871140
0.560870 0.952030 0.240741
1.041615 1.507380 0.747327
0.961491 0.872694 0.843508
0.560870 0.793358 0.268727
0.427329 0.396679 0.120549
0.721118 0.238007 0.487386
0.454037 0.238007 0.222057
1.228571 0.634686 1.832789
0.507453 0.476015 0.349027
0.587578 0.555351 0.154180
0.827950 0.476015 0.675335
1.014907 1.428044 1.011005
1.068323 1.110701 0.990215
1.335404 1.110701 1.646588
1.095031 1.428044 1.292652
1.549068 1.269373 1.584594
1.308696 0.872694 1.593320
0.774534 0.555351 0.620616
1.869565 2.618081 1.845530
1.362112 1.428044 1.581235
0.667702 0.396679 0.515212
0.721118 0.476015 0.565678
1.922981 2.618081 2.008674
0.427329 0.634686 0.148615
0.827950 0.634686 0.842097
0.988199 1.348708 0.922159
1.575776 0.793358 2.061545
0.801242 1.190037 0.564923
0.827950 0.476015 0.995462
0.934783 0.555351 0.785132
1.308696 1.348708 1.700850
1.816149 2.221402 1.952663
1.041615 1.110701 1.134238
0.640994 0.476015 0.656493
1.121739 0.476015 1.481456
1.175155 1.507380 1.383407
0.988199 1.110701 1.104086
1.549068 1.904059 1.632019
1.308696 1.269373 1.559769
0.427329 0.238007 0.303570
0.454037 0.396679 0.229213
1.068323 1.190037 1.183034
1.148447 1.666052 1.162323
0.538707 0.208817 0.250881
1.077414 1.357309 0.836112
0.754190 1.148492 0.761808
1.795690 2.088167 1.898366
1.364725 1.461717 1.360635
0.538707 0.313225 0.571937
0.395052 0.104408 0.197874
0.395052 0.104408 0.221409
0.790104 0.626450 0.663796
0.826018 0.730858 0.598096
1.508380 1.148492 1.801602
0.359138 0.208817 0.133981
1.436552 1.044084 1.666847
0.682362 0.522042 0.557910
1.041500 0.939675 1.148520
1.077414 1.044084 1.118359
1.472466 1.148492 1.703935
1.113328 1.357309 1.217188
0.646449 0.730858 0.534763
1.436552 1.566125 1.631738
1.903432 2.714617 1.981836
0.682362 0.835267 0.516993
0.538707 0.208817 0.466352
1.580208 2.296984 1.614485
1.149242 1.357309 0.859002
1.975259 2.296984 2.003606
0.430966 0.313225 0.203639
0.826018 0.522042 1.096760
0.395052 0.104408 0.155193
1.436552 1.148492 1.932873
1.149242 1.461717 1.596586
1.077414 1.148492 1.427453
1.077414 1.044084 1.319374
0.502793 0.313225 0.242921
0.826018 0.522042 1.063545
1.256983 1.461717 1.353708
1.077414 1.252900 0.876384
1.975259 2.505800 2.017418
1.436552 1.566125 1.795622
0.538707 0.313225 0.228637
0.933759 0.835267 1.053950
0.969673 0.835267 0.979000
0.574621 0.626450 0.226873
0.682362 0.939675 0.437568
0.754190 0.522042 0.674466
1.118644 1.157233 0.883567
2.000000 2.603774 1.407318
0.474576 0.385744 0.282443
1.016949 1.350105 0.909587
1.084746 1.060797 0.888719
0.440678 0.192872 0.177718
0.406780 0.385744 0.150496
0.677966 0.675052 0.416364
0.474576 0.289308 0.109190
1.389831 1.157233 1.537289
0.813559 0.578616 0.597603
1.050847 1.253669 0.967595
0.915254 1.060797 0.974422
1.389831 1.446541 1.348064
0.779661 0.289308 0.742646
0.711864 0.771488 0.431350
0.745763 0.289308 0.593095
0.576271 0.867925 0.248865
0.440678 0.385744 0.132033
0.779661 0.289308 0.742002
1.389831 0.964361 1.788259
0.644068 0.578616 0.273898
1.084746 0.964361 0.656299
0.813559 0.385744 0.723453
1.118644 1.253669 0.920836
0.576271 0.964361 0.172222
0.949153 0.867925 0.609497
0.677966 0.482180 0.452604
1.491525 1.928721 1.451586
0.644068 0.867925 0.507778
0.915254 0.385744 0.602155
1.084746 1.253669 1.244971
1.762712 1.928721 2.298570
0.949153 0.964361 0.870600
0.677966 0.578616 0.440238
1.593220 2.218029 1.652018
1.355932 1.253669 1.827289
1.355932 1.060797 1.434282
1.932203 2.410901 2.844090
1.152542 0.964361 2.204795
1.830508 2.314465 3.591159
1.152542 1.157233 2.543614
1.423729 1.253669 1.458113
0.406780 0.289308 0.251613
0.508475 0.675052 0.268745
1.220339 1.542977 1.370950
1.368162 1.750000 1.050219
1.342348 1.034091 1.018669
1.006761 1.272727 0.373530
0.438844 0.238636 0.154524
1.497234 2.227273 1.184247
0.748617 0.318182 0.413501
1.006761 1.034091 0.742223
0.722803 0.715909 0.322800
1.729564 2.147727 2.177190
0.955132 0.715909 0.552859
1.032575 1.193182 0.840261
0.619545 0.636364 0.283256
0.929318 0.556818 0.864507
1.471420 1.193182 1.670619
0.851875 0.397727 0.832497
1.368162 0.795455 1.190202
0.387216 0.238636 0.194759
0.671174 0.795455 0.397611
1.135833 1.590909 1.088875
1.187462 1.352273 1.144901
1.471420 1.511364 2.380535
1.858636 2.784091 2.746663
0.826060 0.318182 1.232444
1.445605 1.113636 1.273435
0.413030 0.318182 0.183409
1.161647 1.034091 1.167765
0.387216 0.159091 0.067113
0.387216 0.318182 0.218216
0.671174 0.556818 0.634908
0.696988 0.715909 0.566808
0.774431 0.318182 0.474166
0.748617 0.397727 1.382132
0.516288 0.875000 0.432451
1.419791 1.272727 1.811260
1.987707 2.943182 1.708715
1.574677 1.352273 1.912785
0.800246 0.238636 0.703567
1.187462 1.511364 1.488591
1.006761 1.511364 1.507837
0.387216 0.318182 0.414982
0.542102 0.636364 0.736170
1.264905 1.590909 2.458801
0.972591 1.357326 0.760258
0.583554 0.904884 0.317294
1.478338 1.922879 1.810642
1.322723 1.470437 1.142010
0.778073 0.452442 0.845476
0.778073 0.339332 0.729759
1.244916 1.583548 1.420005
0.505747 0.791774 0.300122
1.128205 1.131105 1.486727
0.389036 0.339332 0.091198
0.661362 0.565553 0.485381
0.972591 1.017995 1.038381
1.361627 1.131105 1.470495
0.427940 0.113111 0.172829
0.350133 0.226221 0.165097
1.400531 1.017995 1.980822
0.816976 0.339332 0.981783
0.700265 0.791774 0.482733
1.828470 1.922879 2.681235
0.544651 0.452442 0.144252
1.011494 0.904884 0.819975
1.439434 1.244216 1.732942
0.894783 0.452442 0.624592
0.933687 1.357326 0.953676
0.661362 0.565553 0.563936
1.867374 2.714653 2.105339
1.167109 1.357326 1.059056
1.361627 1.017995 2.115121
1.089302 1.357326 1.248074
1.206012 1.357326 1.512741
0.583554 0.339332 0.281028
1.439434 1.244216 1.496979
0.466844 0.226221 0.134000
0.389036 0.226221 0.217082
0.661362 0.678663 0.342966
1.906278 2.375321 1.944599
0.583554 0.565553 0.313877
1.672856 2.149100 2.444760
1.206012 1.470437 1.050256
1.361627 1.583548 1.150724
1.089302 1.244216 0.837488
0.972591 0.678663 0.806647
0.933687 0.565553 1.044447
0.855880 0.452442 0.693194
0.749823 0.589744 0.546447
0.749823 0.688034 0.416819
1.043232 1.277778 1.017884
0.978030 1.081197 0.610637
0.619419 0.786325 0.463779
0.358611 0.098291 0.166157
1.010631 0.884615 0.846843
1.043232 1.277778 1.071876
0.489015 0.393162 0.274806
0.489015 0.393162 0.190458
0.521616 0.786325 0.227455
1.108434 1.376068 0.725067
0.489015 0.491453 0.206280
0.815025 0.393162 0.913923
0.749823 0.786325 0.538790
0.423813 0.196581 0.099390
0.358611 0.098291 0.217610
1.010631 0.982906 0.841842
2.119064 2.850427 1.665206
1.890858 2.457265 1.766939
0.717222 0.884615 0.477766
0.782424 0.491453 0.612238
1.434444 1.081197 1.150911
0.978030 1.572650 0.895796
1.010631 1.179487 1.254403
1.434444 1.179487 1.964429
0.782424 0.688034 0.848914
1.727853 2.457265 2.071086
1.010631 0.982906 1.112742
1.075833 1.081197 1.502916
0.619419 0.589744 0.604112
0.619419 0.589744 0.332666
1.401843 1.081197 1.452206
1.401843 1.081197 1.535069
0.521616 0.786325 0.286566
0.619419 0.589744 0.521288
1.956060 2.653846 1.667901
1.206237 1.376068 1.314685
1.206237 1.572650 0.885325
0.326010 0.196581 0.238277
1.108434 1.376068 0.992333
0.847626 0.491453 1.067774
1.630050 0.688034 2.659649
1.467045 1.376068 2.368551
1.434444 0.982906 2.802052
1.662651 1.081197 2.572136
0.463891 0.664234 0.256497
0.596432 0.569343 0.301352
1.259133 1.518248 1.066901
1.557349 2.087591 1.677113
0.265081 0.189781 0.145140
1.988105 2.656934 1.711020
0.265081 0.189781 0.103099
1.060323 1.423358 0.684783
1.424809 1.708029 1.517709
1.457944 0.854015 1.506073
0.762107 0.284672 0.779875
1.159728 1.043796 1.321396
1.126593 1.233577 1.183013
0.364486 0.189781 0.133065
0.430756 0.189781 0.277016
0.728972 0.474453 0.858138
1.557349 2.182482 2.132488
0.762107 0.474453 0.481400
2.087511 2.941606 1.710332
0.364486 0.189781 0.126309
0.795242 0.569343 0.649875
0.530161 0.948905 0.319182
0.629567 0.474453 0.402825
1.093458 1.233577 1.009471
0.430756 0.284672 0.146015
0.795242 0.569343 0.876718
1.060323 0.948905 0.981381
0.762107 0.759124 0.715000
0.596432 0.474453 0.622036
1.822430 1.992701 1.692064
1.424809 1.233577 1.485866
1.491079 1.138686 1.807300
1.457944 1.043796 2.273186
0.662702 0.854015 0.505111
0.662702 0.474453 0.482714
1.093458 1.043796 1.525592
1.921835 2.182482 2.449668
1.093458 1.138686 1.488807
0.994053 0.569343 1.594471
0.637795 0.302691 0.340740
0.637795 0.605381 0.137513
0.602362 0.504484 0.077762
0.496063 0.706278 0.159118
1.027559 1.008969 0.861469
0.956693 0.706278 0.760549
0.744094 0.605381 0.534451
0.673228 0.302691 0.435043
0.425197 0.302691 0.290178
0.496063 0.201794 0.345600
1.736220 2.118834 2.001149
1.098425 1.008969 0.728285
1.346457 1.513453 1.500760
1.346457 1.109865 1.913340
0.531496 0.706278 0.336819
1.240157 1.412556 0.939271
1.452756 1.917040 1.789713
1.062992 1.210762 0.922731
1.523622 2.118834 1.937600
1.842520 2.219731 1.941357
0.744094 0.706278 0.986974
1.133858 1.311659 1.260898
1.381890 1.210762 1.297737
0.956693 1.008969 1.199595
1.133858 1.210762 1.301984
0.779528 0.504484 1.037046
1.381890 1.210762 1.773254
0.708661 0.807175 0.744335
1.913386 2.623318 1.964147
1.948819 2.724215 2.775258
1.098425 1.109865 1.378603
0.814961 0.504484 0.969249
0.389764 0.100897 0.205841
0.460630 0.201794 0.301818
0.992126 1.210762 0.917544
0.602362 0.706278 0.585258
0.992126 0.807175 1.131349
1.240157 1.412556 1.201678
0.744094 0.302691 0.559364
0.389764 0.201794 0.184440
0.992126 0.908072 0.945806
1.452756 1.109865 1.484096
1.488189 1.715247 1.463880
0.885827 0.605381 1.021404
0.496063 0.201794 0.354994
0.354342 0.089669 0.037962
1.352941 0.986355 1.190755
1.191877 1.255361 0.745237
0.612045 0.358674 0.097879
1.546218 2.062378 1.243704
0.450980 0.269006 0.120492
1.449580 1.255361 1.730931
0.547619 0.269006 0.396217
0.869748 0.448343 0.669411
1.063025 1.165692 1.103853
0.740896 0.538012 0.790068
1.224090 1.255361 1.331756
0.418768 0.448343 0.166474
0.644258 0.538012 0.461492
1.063025 0.986355 0.882195
0.676471 0.717349 0.390137
1.095238 0.986355 1.102374
1.900560 2.241715 2.655033
1.288515 1.434698 1.188980
1.224090 1.524366 1.721761
1.320728 1.434698 1.662863
1.095238 1.255361 1.701153
1.771709 2.331384 2.434788
0.354342 0.179337 0.103664
0.708683 0.627680 0.770742
1.707283 2.421053 2.422890
0.547619 0.717349 0.486044
0.998599 0.896686 1.183524
0.676471 0.538012 0.572485
0.515406 0.358674 0.282364
1.546218 2.152047 1.582699
0.998599 1.165692 0.833814
0.708683 0.717349 0.379422
1.352941 1.255361 1.221091
0.740896 0.269006 0.363908
0.483193 0.717349 0.133869
0.483193 0.627680 0.207558
0.869748 0.448343 0.770413
1.030812 0.986355 1.014388
1.514006 1.165692 1.609815
0.998599 0.807018 0.996771
0.837535 0.448343 0.814916
1.063025 1.255361 1.413859
1.642857 1.793372 2.615493
1.063025 1.165692 1.020206
1.256303 1.434698 1.374550
